587.0 6.000
587.0 6.000
587.0 6.000
587.0 6.000
587.0 6.000
587.0 6.000
587.0 6.000
587.0 6.000
587.1 6.000
587.1 6.000
587.1 6.000
587.1 6.000
587.1 6.000
587.1 6.000
587.1 6.000
587.1 6.000
587.2 6.000
587.2 6.000
587.2 6.000
587.2 6.000
587.2 6.000
587.2 6.000
587.2 6.000
587.2 6.000
587.3 6.000
587.3 6.000
587.3 6.000
587.3 6.000
587.3 6.000
587.3 6.000
587.3 6.000
587.3 6.000
587.4 6.000
587.4 6.000
587.4 6.000
587.4 6.000
587.4 6.000
587.4 6.000
587.4 6.000
587.4 6.000
587.5 6.000
587.5 6.000
587.5 6.000
587.5 6.000
587.5 6.000
587.5 6.000
587.5 6.000
587.5 6.000
587.6 6.000
587.6 6.000
587.6 6.000
587.6 6.000
587.6 6.000
587.6 6.000
587.6 6.000
587.6 6.000
587.7 6.000
587.7 6.000
587.7 6.000
587.7 6.000
587.7 6.000
587.7 6.000
587.7 6.000
587.7 6.000
587.8 6.000
587.8 6.000
587.8 6.000
587.8 6.000
587.8 6.000
587.8 6.000
587.8 6.000
587.8 6.000
587.9 6.000
587.9 6.000
587.9 6.000
587.9 6.000
587.9 6.000
587.9 6.000
587.9 6.000
587.9 6.000
588.0 7.000
588.0 6.000
588.0 6.000
588.0 6.000
588.0 7.000
588.0 6.000
588.0 6.000
588.0 6.000
588.1 6.000
588.1 6.000
588.1 7.000
588.1 7.000
588.1 7.000
588.1 6.000
588.1 7.000
588.1 7.000
588.2 6.000
588.2 6.000
588.2 7.000
588.2 7.000
588.2 7.000
588.2 7.000
588.2 7.000
588.2 6.000
588.3 7.000
588.3 7.000
588.3 7.000
588.3 7.000
588.3 7.000
588.3 7.000
588.3 7.000
588.3 7.000
588.4 7.000
588.4 7.000
588.4 7.000
588.4 7.000
588.4 7.000
588.4 7.000
588.4 7.000
588.4 7.000
588.5 7.000
588.5 8.000
588.5 8.000
588.5 8.000
588.5 8.000
588.5 9.000
588.5 9.000
588.5 10.00
588.6 10.00
588.6 11.00
588.6 12.00
588.6 14.00
588.6 16.00
588.6 20.00
588.6 24.00
588.6 31.00
588.7 41.00
588.7 57.00
588.7 82.00
588.7 125.00
588.7 195.00
588.7 277.00
588.7 389.00
588.7 529.00
588.8 704.00
588.8 889.00
588.8 1066.0
588.8 1267.0
588.8 1450.0
588.8 1632.0
588.8 1760.0
588.8 1880.0
588.9 1967.0
588.9 2053.0
588.9 2033.0
588.9 2011.0
588.9 2008.0
588.9 1900.0
588.9 1841.0
588.9 1771.0
589.0 1562.0
589.0 1373.0
589.0 1221.0
589.0 1064.0
589.0 820.00
589.0 654.00
589.0 501.00
589.0 349.00
589.1 262.00
589.1 176.00
589.1 118.00
589.1 78.00
589.1 55.00
589.1 42.00
589.1 35.00
589.1 31.00
589.2 28.00
589.2 26.00
589.2 24.00
589.2 24.00
589.2 24.00
589.2 24.00
589.2 25.00
589.2 28.00
589.3 32.00
589.3 38.00
589.3 47.00
589.3 61.00
589.3 84.00
589.3 124.00
589.3 177.00
589.3 254.00
589.4 369.00
589.4 473.00
589.4 631.00
589.4 835.00
589.4 1004.0
589.4 1207.0
589.4 1356.0
589.4 1537.0
589.5 1684.0
589.5 1743.0
589.5 1824.0
589.5 1901.0
589.5 1873.0
589.5 1868.0
589.5 1859.0
589.5 1765.0
589.6 1679.0
589.6 1602.0
589.6 1462.0
589.6 1277.0
589.6 1118.0
589.6 959.00
589.6 743.00
589.6 629.00
589.7 480.00
589.7 309.00
589.7 233.00
589.7 152.00
589.7 95.00
589.7 61.00
589.7 43.00
589.7 33.00
589.8 26.00
589.8 23.00
589.8 21.00
589.8 19.00
589.8 18.00
589.8 17.00
589.8 16.00
589.8 16.00
589.9 15.00
589.9 14.00
589.9 14.00
589.9 13.00
589.9 13.00
589.9 12.00
589.9 12.00
589.9 12.00
590.0 11.00
590.0 11.00
590.0 11.00
590.0 11.00
590.0 10.00
590.0 10.00
590.0 10.00
590.0 10.00
590.1 9.000
590.1 10.00
590.1 9.000
590.1 9.000
590.1 9.000
590.1 9.000
590.1 9.000
590.1 9.000
590.2 9.000
590.2 9.000
590.2 9.000
590.2 8.000
590.2 8.000
590.2 8.000
590.2 8.000
590.2 8.000
590.3 8.000
590.3 8.000
590.3 8.000
590.3 8.000
590.3 8.000
590.3 8.000
590.3 8.000
590.3 8.000
590.4 7.000
590.4 7.000
590.4 8.000
590.4 7.000
590.4 7.000
590.4 7.000
590.4 7.000
590.4 7.000
590.5 7.000
590.5 7.000
590.5 7.000
590.5 7.000
590.5 7.000
590.5 7.000
590.5 7.000
590.5 7.000
590.6 7.000
590.6 7.000
590.6 7.000
590.6 7.000
590.6 7.000
590.6 6.000
590.6 7.000
590.6 7.000
590.7 7.000
590.7 7.000
590.7 7.000
590.7 7.000
590.7 7.000
590.7 7.000
590.7 7.000
590.7 7.000
590.8 7.000
590.8 7.000
590.8 7.000
590.8 7.000
590.8 7.000
590.8 7.000
590.8 7.000
590.8 7.000
590.9 6.000
590.9 6.000
590.9 7.000
590.9 6.000
590.9 6.000
590.9 7.000
590.9 6.000
590.9 7.000
591.0 7.000
591.0 6.000
591.0 7.000
591.0 6.000
591.0 7.000
591.0 6.000
591.0 6.000
591.0 6.000
591.1 6.000
591.1 6.000
591.1 6.000
591.1 6.000
591.1 6.000
591.1 6.000
591.1 6.000
591.1 6.000
591.2 7.000
591.2 6.000
591.2 6.000
591.2 6.000
591.2 6.000
591.2 6.000
591.2 6.000
591.2 6.000
591.3 6.000
591.3 6.000
591.3 6.000
591.3 6.000
591.3 6.000
591.3 6.000
591.3 6.000
591.3 6.000
591.4 6.000
591.4 6.000
591.4 6.000
591.4 6.000
591.4 6.000
591.4 6.000
591.4 6.000
591.4 6.000
591.5 6.000
591.5 6.000
591.5 6.000
591.5 6.000
591.5 6.000
591.5 6.000
591.5 6.000
591.5 6.000
591.6 6.000
591.6 6.000
591.6 6.000
591.6 6.000
591.6 6.000
591.6 6.000
591.6 6.000
591.6 6.000
591.7 6.000
591.7 6.000
591.7 6.000
591.7 6.000
591.7 6.000
591.7 6.000
591.7 6.000
591.7 6.000
591.8 6.000
591.8 6.000
591.8 6.000
591.8 6.000
591.8 6.000
591.8 6.000
591.8 6.000
591.8 6.000
591.9 6.000
591.9 6.000
591.9 6.000
591.9 6.000
591.9 6.000
591.9 6.000
591.9 6.000
591.9 6.000
592.0 6.000
592.0 7.000
592.0 7.000
592.0 7.000
592.0 7.000
592.0 7.000
592.0 7.000
592.0 6.000
592.1 6.000
592.1 7.000
592.1 6.000
592.1 6.000
592.1 6.000
592.1 6.000
592.1 6.000
592.1 6.000
592.2 6.000
