495.0 14.00
495.0 13.00
495.0 13.00
495.0 14.00
495.0 13.00
495.0 14.00
495.0 14.00
495.0 14.00
495.1 14.00
495.1 14.00
495.1 14.00
495.1 14.00
495.1 14.00
495.1 14.00
495.1 14.00
495.1 14.00
495.2 13.00
495.2 14.00
495.2 14.00
495.2 14.00
495.2 14.00
495.2 14.00
495.2 13.00
495.2 14.00
495.3 14.00
495.3 14.00
495.3 14.00
495.3 14.00
495.3 14.00
495.3 14.00
495.3 14.00
495.3 13.00
495.4 15.00
495.4 15.00
495.4 15.00
495.4 15.00
495.4 15.00
495.4 16.00
495.4 16.00
495.4 17.00
495.5 16.00
495.5 17.00
495.5 17.00
495.5 17.00
495.5 17.00
495.5 16.00
495.5 17.00
495.5 17.00
495.6 16.00
495.6 16.00
495.6 16.00
495.6 16.00
495.6 15.00
495.6 15.00
495.6 15.00
495.6 14.00
495.7 15.00
495.7 14.00
495.7 14.00
495.7 13.00
495.7 13.00
495.7 14.00
495.7 13.00
495.7 14.00
495.8 13.00
495.8 13.00
495.8 13.00
495.8 13.00
495.8 13.00
495.8 13.00
495.8 13.00
495.8 13.00
495.9 14.00
495.9 13.00
495.9 13.00
495.9 13.00
495.9 13.00
495.9 13.00
495.9 14.00
495.9 12.00
496.0 13.00
496.0 13.00
496.0 12.00
496.0 13.00
496.0 13.00
496.0 13.00
496.0 14.00
496.0 14.00
496.1 13.00
496.1 14.00
496.1 13.00
496.1 14.00
496.1 13.00
496.1 13.00
496.1 14.00
496.1 14.00
496.2 14.00
496.2 14.00
496.2 14.00
496.2 14.00
496.2 14.00
496.2 14.00
496.2 14.00
496.2 15.00
496.3 15.00
496.3 15.00
496.3 14.00
496.3 15.00
496.3 15.00
496.3 15.00
496.3 15.00
496.3 15.00
496.4 14.00
496.4 15.00
496.4 15.00
496.4 14.00
496.4 15.00
496.4 14.00
496.4 13.00
496.4 14.00
496.5 14.00
496.5 14.00
496.5 14.00
496.5 13.00
496.5 14.00
496.5 14.00
496.5 14.00
496.5 14.00
496.6 14.00
496.6 14.00
496.6 14.00
496.6 14.00
496.6 14.00
496.6 13.00
496.6 15.00
496.6 14.00
496.7 13.00
496.7 14.00
496.7 13.00
496.7 14.00
496.7 14.00
496.7 14.00
496.7 14.00
496.7 14.00
496.8 14.00
496.8 14.00
496.8 14.00
496.8 14.00
496.8 14.00
496.8 14.00
496.8 14.00
496.8 14.00
496.9 14.00
496.9 14.00
496.9 14.00
496.9 14.00
496.9 14.00
496.9 13.00
496.9 14.00
496.9 14.00
497.0 13.00
497.0 14.00
497.0 14.00
497.0 13.00
497.0 14.00
497.0 14.00
497.0 14.00
497.0 14.00
497.1 14.00
497.1 13.00
497.1 15.00
497.1 14.00
497.1 14.00
497.1 14.00
497.1 14.00
497.1 14.00
497.2 15.00
497.2 14.00
497.2 14.00
497.2 15.00
497.2 14.00
497.2 14.00
497.2 15.00
497.2 15.00
497.3 15.00
497.3 15.00
497.3 14.00
497.3 15.00
497.3 15.00
497.3 15.00
497.3 14.00
497.3 15.00
497.4 16.00
497.4 15.00
497.4 15.00
497.4 16.00
497.4 17.00
497.4 17.00
497.4 18.00
497.4 19.00
497.5 25.00
497.5 30.00
497.5 42.00
497.5 58.00
497.5 85.00
497.5 116.00
497.5 155.00
497.5 206.00
497.6 266.00
497.6 325.00
497.6 378.00
497.6 437.00
497.6 458.00
497.6 532.00
497.6 561.00
497.6 585.00
497.7 605.00
497.7 613.00
497.7 611.00
497.7 610.00
497.7 593.00
497.7 576.00
497.7 551.00
497.7 513.00
497.8 469.00
497.8 410.00
497.8 321.00
497.8 298.00
497.8 228.00
497.8 182.00
497.8 140.00
497.8 100.00
497.9 72.00
497.9 60.00
497.9 50.00
497.9 51.00
497.9 62.00
497.9 82.00
497.9 114.00
497.9 159.00
498.0 233.00
498.0 307.00
498.0 407.00
498.0 517.00
498.0 643.00
498.0 754.00
498.0 850.00
498.0 965.00
498.1 1052.0
498.1 1092.0
498.1 1152.0
498.1 1175.0
498.1 1185.0
498.1 1192.0
498.1 1153.0
498.1 1153.0
498.2 1084.0
498.2 1049.0
498.2 988.00
498.2 867.00
498.2 790.00
498.2 679.00
498.2 582.00
498.2 449.00
498.3 372.00
498.3 246.00
498.3 192.00
498.3 130.00
498.3 84.00
498.3 57.00
498.3 43.00
498.3 34.00
498.4 26.00
498.4 25.00
498.4 22.00
498.4 20.00
498.4 20.00
498.4 19.00
498.4 19.00
498.4 18.00
498.5 17.00
498.5 17.00
498.5 17.00
498.5 17.00
498.5 16.00
498.5 16.00
498.5 16.00
498.5 15.00
498.6 15.00
498.6 15.00
498.6 15.00
498.6 15.00
498.6 15.00
498.6 15.00
498.6 15.00
498.6 15.00
498.7 15.00
498.7 14.00
498.7 15.00
498.7 14.00
498.7 14.00
498.7 15.00
498.7 15.00
498.7 15.00
498.8 15.00
498.8 15.00
498.8 15.00
498.8 15.00
498.8 15.00
498.8 15.00
498.8 15.00
498.8 15.00
498.9 15.00
498.9 16.00
498.9 15.00
498.9 14.00
498.9 16.00
498.9 15.00
498.9 15.00
498.9 16.00
499.0 15.00
499.0 15.00
499.0 14.00
499.0 15.00
499.0 14.00
499.0 15.00
499.0 14.00
499.0 14.00
499.1 14.00
499.1 13.00
499.1 14.00
499.1 14.00
499.1 14.00
499.1 14.00
499.1 14.00
499.1 13.00
499.2 13.00
499.2 14.00
499.2 14.00
499.2 13.00
499.2 13.00
499.2 13.00
499.2 13.00
499.2 14.00
499.3 14.00
499.3 13.00
499.3 14.00
499.3 13.00
499.3 13.00
499.3 14.00
499.3 14.00
499.3 14.00
499.4 13.00
499.4 13.00
499.4 13.00
499.4 14.00
499.4 13.00
499.4 14.00
499.4 14.00
499.4 13.00
499.5 14.00
499.5 14.00
499.5 13.00
499.5 13.00
499.5 13.00
499.5 13.00
499.5 13.00
499.5 13.00
499.6 13.00
499.6 14.00
499.6 13.00
499.6 13.00
499.6 13.00
499.6 13.00
499.6 13.00
499.6 13.00
499.7 13.00
499.7 14.00
499.7 14.00
499.7 13.00
499.7 13.00
499.7 13.00
499.7 13.00
499.7 13.00
499.8 13.00
499.8 13.00
499.8 13.00
499.8 13.00
499.8 13.00
499.8 13.00
499.8 13.00
499.8 13.00
499.9 13.00
499.9 13.00
499.9 13.00
499.9 13.00
499.9 14.00
499.9 13.00
499.9 13.00
499.9 14.00
500.0 13.00
500.0 13.00
500.0 14.00
500.0 14.00
500.0 14.00
500.0 14.00
500.0 14.00
500.0 13.00
500.1 13.00
500.1 13.00
500.1 13.00
500.1 14.00
500.1 14.00
500.1 14.00
500.1 14.00
500.1 14.00
500.2 14.00
500.2 15.00
500.2 14.00
500.2 14.00
500.2 15.00
500.2 14.00
500.2 15.00
500.2 15.00
500.3 14.00
500.3 15.00
500.3 14.00
500.3 14.00
500.3 15.00
500.3 15.00
500.3 15.00
500.3 14.00
500.4 15.00
500.4 14.00
500.4 15.00
500.4 14.00
500.4 15.00
500.4 14.00
500.4 14.00
500.4 14.00
500.5 15.00
500.5 15.00
500.5 14.00
500.5 15.00
500.5 15.00
500.5 14.00
500.5 15.00
500.5 14.00
500.6 14.00
500.6 14.00
500.6 14.00
500.6 14.00
500.6 15.00
500.6 14.00
500.6 14.00
500.6 15.00
500.7 14.00
500.7 14.00
500.7 14.00
500.7 14.00
500.7 14.00
500.7 14.00
500.7 14.00
500.7 14.00
500.8 15.00
500.8 14.00
500.8 14.00
500.8 15.00
500.8 14.00
500.8 14.00
500.8 15.00
500.8 15.00
500.9 15.00
500.9 15.00
500.9 14.00
500.9 15.00
500.9 14.00
500.9 14.00
500.9 14.00
500.9 15.00
501.0 14.00
501.0 14.00
501.0 15.00
501.0 14.00
501.0 14.00
501.0 14.00
501.0 14.00
501.0 14.00
501.1 14.00
501.1 13.00
501.1 14.00
501.1 14.00
501.1 14.00
501.1 14.00
501.1 14.00
501.1 14.00
501.2 14.00
501.2 14.00
501.2 14.00
501.2 14.00
501.2 14.00
501.2 14.00
501.2 14.00
501.2 14.00
501.3 14.00
501.3 14.00
501.3 14.00
501.3 14.00
501.3 15.00
501.3 14.00
501.3 14.00
501.3 14.00
501.4 14.00
501.4 13.00
501.4 13.00
501.4 14.00
501.4 13.00
501.4 14.00
501.4 14.00
501.4 14.00
501.5 14.00
501.5 14.00
501.5 14.00
501.5 14.00
501.5 14.00
501.5 14.00
501.5 14.00
501.5 14.00
501.6 14.00
501.6 13.00
501.6 15.00
501.6 14.00
501.6 15.00
501.6 14.00
501.6 14.00
501.6 14.00
501.7 14.00
501.7 14.00
501.7 14.00
501.7 15.00
501.7 14.00
501.7 14.00
501.7 14.00
501.7 15.00
501.8 14.00
501.8 14.00
501.8 14.00
501.8 13.00
501.8 14.00
501.8 14.00
501.8 14.00
501.8 14.00
501.9 14.00
501.9 14.00
501.9 14.00
501.9 14.00
501.9 14.00
501.9 14.00
501.9 14.00
501.9 13.00
502.0 14.00
502.0 6.000
502.0 6.000
502.0 6.000
502.0 6.000
502.0 6.000
502.0 6.000
502.0 5.000
502.1 6.000
502.1 6.000
502.1 6.000
502.1 6.000
502.1 6.000
502.1 6.000
502.1 6.000
502.1 6.000
502.2 6.000
502.2 6.000
502.2 6.000
502.2 6.000
502.2 6.000
502.2 6.000
502.2 6.000
502.2 6.000
