566.0 8.000
566.0 8.000
566.0 8.000
566.0 8.000
566.0 8.000
566.0 8.000
566.0 8.000
566.0 8.000
566.1 8.000
566.1 8.000
566.1 8.000
566.1 8.000
566.1 7.000
566.1 8.000
566.1 8.000
566.1 8.000
566.2 8.000
566.2 8.000
566.2 7.000
566.2 8.000
566.2 8.000
566.2 8.000
566.2 8.000
566.2 8.000
566.3 8.000
566.3 8.000
566.3 8.000
566.3 8.000
566.3 8.000
566.3 8.000
566.3 8.000
566.3 8.000
566.4 8.000
566.4 8.000
566.4 8.000
566.4 8.000
566.4 8.000
566.4 8.000
566.4 8.000
566.4 8.000
566.5 8.000
566.5 8.000
566.5 8.000
566.5 8.000
566.5 8.000
566.5 8.000
566.5 8.000
566.5 8.000
566.6 8.000
566.6 8.000
566.6 8.000
566.6 8.000
566.6 8.000
566.6 8.000
566.6 8.000
566.6 8.000
566.7 8.000
566.7 8.000
566.7 8.000
566.7 8.000
566.7 8.000
566.7 8.000
566.7 8.000
566.7 8.000
566.8 8.000
566.8 8.000
566.8 8.000
566.8 8.000
566.8 8.000
566.8 8.000
566.8 8.000
566.8 8.000
566.9 8.000
566.9 8.000
566.9 8.000
566.9 8.000
566.9 8.000
566.9 8.000
566.9 8.000
566.9 8.000
567.0 8.000
567.0 8.000
567.0 8.000
567.0 8.000
567.0 8.000
567.0 8.000
567.0 8.000
567.0 8.000
567.1 8.000
567.1 8.000
567.1 8.000
567.1 8.000
567.1 8.000
567.1 8.000
567.1 8.000
567.1 8.000
567.2 8.000
567.2 8.000
567.2 8.000
567.2 8.000
567.2 8.000
567.2 8.000
567.2 8.000
567.2 8.000
567.3 8.000
567.3 8.000
567.3 8.000
567.3 8.000
567.3 8.000
567.3 8.000
567.3 8.000
567.3 8.000
567.4 8.000
567.4 8.000
567.4 8.000
567.4 8.000
567.4 8.000
567.4 8.000
567.4 8.000
567.4 8.000
567.5 8.000
567.5 8.000
567.5 8.000
567.5 8.000
567.5 8.000
567.5 8.000
567.5 8.000
567.5 8.000
567.6 8.000
567.6 8.000
567.6 8.000
567.6 8.000
567.6 8.000
567.6 8.000
567.6 8.000
567.6 8.000
567.7 8.000
567.7 8.000
567.7 8.000
567.7 8.000
567.7 8.000
567.7 8.000
567.7 8.000
567.7 9.000
567.8 8.000
567.8 9.000
567.8 9.000
567.8 9.000
567.8 9.000
567.8 9.000
567.8 9.000
567.8 10.00
567.9 11.00
567.9 11.00
567.9 13.00
567.9 15.00
567.9 17.00
567.9 21.00
567.9 29.00
567.9 43.00
568.0 64.00
568.0 94.00
568.0 128.00
568.0 168.00
568.0 231.00
568.0 291.00
568.0 355.00
568.0 427.00
568.1 501.00
568.1 552.00
568.1 595.00
568.1 643.00
568.1 637.00
568.1 670.00
568.1 687.00
568.1 681.00
568.2 664.00
568.2 655.00
568.2 629.00
568.2 567.00
568.2 521.00
568.2 494.00
568.2 407.00
568.2 330.00
568.3 288.00
568.3 230.00
568.3 167.00
568.3 119.00
568.3 81.00
568.3 53.00
568.3 35.00
568.3 24.00
568.4 19.00
568.4 16.00
568.4 14.00
568.4 14.00
568.4 14.00
568.4 15.00
568.4 16.00
568.4 17.00
568.5 20.00
568.5 24.00
568.5 29.00
568.5 39.00
568.5 58.00
568.5 87.00
568.5 128.00
568.5 195.00
568.6 283.00
568.6 378.00
568.6 505.00
568.6 644.00
568.6 781.00
568.6 909.00
568.6 1029.0
568.6 1130.0
568.7 1209.0
568.7 1264.0
568.7 1293.0
568.7 1316.0
568.7 1336.0
568.7 1325.0
568.7 1284.0
568.7 1249.0
568.8 1188.0
568.8 1076.0
568.8 980.00
568.8 887.00
568.8 726.00
568.8 618.00
568.8 493.00
568.8 374.00
568.9 254.00
568.9 175.00
568.9 114.00
568.9 71.00
568.9 45.00
568.9 30.00
568.9 23.00
568.9 19.00
569.0 17.00
569.0 15.00
569.0 14.00
569.0 14.00
569.0 13.00
569.0 12.00
569.0 12.00
569.0 12.00
569.1 11.00
569.1 11.00
569.1 11.00
569.1 11.00
569.1 10.00
569.1 10.00
569.1 10.00
569.1 10.00
569.2 10.00
569.2 10.00
569.2 10.00
569.2 10.00
569.2 10.00
569.2 9.000
569.2 9.000
569.2 9.000
569.3 9.000
569.3 9.000
569.3 9.000
569.3 9.000
569.3 9.000
569.3 9.000
569.3 9.000
569.3 9.000
569.4 9.000
569.4 9.000
569.4 9.000
569.4 9.000
569.4 9.000
569.4 9.000
569.4 9.000
569.4 9.000
569.5 9.000
569.5 9.000
569.5 9.000
569.5 9.000
569.5 9.000
569.5 9.000
569.5 9.000
569.5 9.000
569.6 9.000
569.6 9.000
569.6 9.000
569.6 9.000
569.6 9.000
569.6 9.000
569.6 9.000
569.6 9.000
569.7 9.000
569.7 9.000
569.7 8.000
569.7 9.000
569.7 9.000
569.7 9.000
569.7 8.000
569.7 8.000
569.8 8.000
569.8 8.000
569.8 9.000
569.8 8.000
569.8 8.000
569.8 9.000
569.8 8.000
569.8 9.000
569.9 9.000
569.9 8.000
569.9 9.000
569.9 8.000
569.9 8.000
569.9 8.000
569.9 8.000
569.9 8.000
570.0 9.000
570.0 15.00
570.0 14.00
570.0 14.00
570.0 13.00
570.0 12.00
570.0 12.00
570.0 11.00
570.1 11.00
570.1 11.00
570.1 11.00
570.1 11.00
570.1 11.00
570.1 10.00
