612.0 19.00
612.0 19.00
612.0 20.00
612.0 20.00
612.0 20.00
612.0 20.00
612.0 19.00
612.0 20.00
612.1 19.00
612.1 19.00
612.1 18.00
612.1 19.00
612.1 20.00
612.1 19.00
612.1 19.00
612.1 19.00
612.2 19.00
612.2 20.00
612.2 19.00
612.2 19.00
612.2 19.00
612.2 19.00
612.2 19.00
612.2 19.00
612.3 19.00
612.3 19.00
612.3 19.00
612.3 19.00
612.3 19.00
612.3 20.00
612.3 19.00
612.3 19.00
612.4 19.00
612.4 19.00
612.4 19.00
612.4 19.00
612.4 19.00
612.4 18.00
612.4 19.00
612.4 19.00
612.5 19.00
612.5 19.00
612.5 19.00
612.5 19.00
612.5 19.00
612.5 19.00
612.5 19.00
612.5 20.00
612.6 20.00
612.6 20.00
612.6 20.00
612.6 20.00
612.6 19.00
612.6 19.00
612.6 20.00
612.6 19.00
612.7 20.00
612.7 19.00
612.7 20.00
612.7 20.00
612.7 20.00
612.7 20.00
612.7 19.00
612.7 20.00
612.8 20.00
612.8 19.00
612.8 19.00
612.8 19.00
612.8 19.00
612.8 19.00
612.8 19.00
612.8 19.00
612.9 19.00
612.9 19.00
612.9 19.00
612.9 19.00
612.9 18.00
612.9 18.00
612.9 19.00
612.9 19.00
613.0 19.00
613.0 19.00
613.0 19.00
613.0 18.00
613.0 19.00
613.0 18.00
613.0 19.00
613.0 19.00
613.1 18.00
613.1 19.00
613.1 19.00
613.1 19.00
613.1 19.00
613.1 18.00
613.1 19.00
613.1 19.00
613.2 19.00
613.2 18.00
613.2 18.00
613.2 18.00
613.2 18.00
613.2 19.00
613.2 19.00
613.2 18.00
613.3 19.00
613.3 18.00
613.3 18.00
613.3 19.00
613.3 18.00
613.3 18.00
613.3 19.00
613.3 19.00
613.4 18.00
613.4 19.00
613.4 19.00
613.4 19.00
613.4 18.00
613.4 18.00
613.4 19.00
613.4 18.00
613.5 18.00
613.5 19.00
613.5 19.00
613.5 19.00
613.5 18.00
613.5 18.00
613.5 19.00
613.5 19.00
613.6 18.00
613.6 18.00
613.6 18.00
613.6 19.00
613.6 18.00
613.6 19.00
613.6 19.00
613.6 18.00
613.7 19.00
613.7 19.00
613.7 18.00
613.7 19.00
613.7 18.00
613.7 18.00
613.7 18.00
613.7 19.00
613.8 18.00
613.8 19.00
613.8 19.00
613.8 19.00
613.8 19.00
613.8 19.00
613.8 18.00
613.8 20.00
613.9 19.00
613.9 19.00
613.9 20.00
613.9 21.00
613.9 21.00
613.9 22.00
613.9 22.00
613.9 23.00
614.0 24.00
614.0 24.00
614.0 24.00
614.0 24.00
614.0 25.00
614.0 25.00
614.0 25.00
614.0 26.00
614.1 25.00
614.1 23.00
614.1 25.00
614.1 24.00
614.1 23.00
614.1 23.00
614.1 22.00
614.1 21.00
614.2 21.00
614.2 20.00
614.2 19.00
614.2 19.00
614.2 19.00
614.2 19.00
614.2 19.00
614.2 19.00
614.3 19.00
614.3 20.00
614.3 19.00
614.3 20.00
614.3 20.00
614.3 20.00
614.3 21.00
614.3 21.00
614.4 21.00
614.4 21.00
614.4 21.00
614.4 21.00
614.4 22.00
614.4 22.00
614.4 21.00
614.4 21.00
614.5 21.00
614.5 20.00
614.5 21.00
614.5 20.00
614.5 20.00
614.5 19.00
614.5 19.00
614.5 19.00
614.6 19.00
614.6 18.00
614.6 18.00
614.6 18.00
614.6 18.00
614.6 18.00
614.6 18.00
614.6 18.00
614.7 18.00
614.7 18.00
614.7 18.00
614.7 19.00
614.7 17.00
614.7 18.00
614.7 18.00
614.7 18.00
614.8 18.00
614.8 18.00
614.8 19.00
614.8 18.00
614.8 18.00
614.8 18.00
614.8 18.00
614.8 18.00
614.9 18.00
614.9 18.00
614.9 19.00
614.9 18.00
614.9 18.00
614.9 18.00
614.9 19.00
614.9 18.00
615.0 19.00
615.0 18.00
615.0 19.00
615.0 19.00
615.0 19.00
615.0 20.00
615.0 20.00
615.0 21.00
615.1 23.00
615.1 23.00
615.1 27.00
615.1 32.00
615.1 41.00
615.1 53.00
615.1 72.00
615.1 100.00
615.2 137.00
615.2 177.00
615.2 226.00
615.2 276.00
615.2 329.00
615.2 367.00
615.2 416.00
615.2 449.00
615.3 475.00
615.3 500.00
615.3 507.00
615.3 505.00
615.3 506.00
615.3 500.00
615.3 453.00
615.3 462.00
615.4 429.00
615.4 395.00
615.4 315.00
615.4 299.00
615.4 248.00
615.4 198.00
615.4 157.00
615.4 118.00
615.5 78.00
615.5 57.00
615.5 42.00
615.5 31.00
615.5 26.00
615.5 23.00
615.5 22.00
615.5 22.00
615.6 20.00
615.6 20.00
615.6 20.00
615.6 20.00
615.6 20.00
615.6 20.00
615.6 20.00
615.6 20.00
615.7 22.00
615.7 22.00
615.7 22.00
615.7 23.00
615.7 26.00
615.7 28.00
615.7 33.00
615.7 38.00
615.8 50.00
615.8 67.00
615.8 97.00
615.8 135.00
615.8 195.00
615.8 261.00
615.8 318.00
615.8 439.00
615.9 552.00
615.9 646.00
615.9 730.00
615.9 818.00
615.9 896.00
615.9 904.00
615.9 962.00
615.9 991.00
616.0 987.00
616.0 976.00
616.0 970.00
616.0 934.00
616.0 845.00
616.0 824.00
616.0 740.00
616.0 643.00
616.1 539.00
616.1 448.00
616.1 318.00
616.1 266.00
616.1 182.00
616.1 127.00
616.1 83.00
616.1 57.00
616.2 39.00
616.2 31.00
616.2 26.00
616.2 25.00
616.2 23.00
616.2 22.00
616.2 21.00
616.2 21.00
616.3 20.00
616.3 20.00
616.3 20.00
616.3 20.00
616.3 20.00
616.3 19.00
616.3 19.00
616.3 19.00
616.4 19.00
616.4 19.00
616.4 19.00
616.4 19.00
616.4 19.00
616.4 18.00
616.4 18.00
616.4 19.00
616.5 19.00
616.5 19.00
616.5 19.00
616.5 19.00
616.5 18.00
616.5 19.00
616.5 18.00
616.5 18.00
616.6 18.00
616.6 18.00
616.6 17.00
616.6 18.00
616.6 17.00
616.6 18.00
616.6 18.00
616.6 18.00
616.7 18.00
616.7 18.00
616.7 17.00
616.7 18.00
616.7 19.00
616.7 18.00
616.7 19.00
616.7 18.00
616.8 18.00
616.8 18.00
616.8 18.00
616.8 18.00
616.8 19.00
616.8 19.00
616.8 19.00
616.8 20.00
616.9 20.00
616.9 20.00
616.9 20.00
616.9 20.00
616.9 20.00
616.9 20.00
616.9 21.00
616.9 20.00
617.0 20.00
617.0 20.00
617.0 19.00
617.0 19.00
617.0 19.00
617.0 18.00
617.0 19.00
617.0 18.00
617.1 19.00
617.1 19.00
617.1 18.00
617.1 19.00
617.1 20.00
617.1 19.00
617.1 20.00
617.1 20.00
617.2 20.00
617.2 22.00
617.2 21.00
617.2 21.00
617.2 21.00
617.2 21.00
617.2 20.00
617.2 21.00
617.3 20.00
617.3 20.00
617.3 20.00
617.3 19.00
617.3 19.00
617.3 18.00
617.3 19.00
617.3 18.00
617.4 18.00
617.4 18.00
617.4 17.00
617.4 17.00
617.4 17.00
617.4 16.00
617.4 17.00
617.4 16.00
617.5 16.00
617.5 17.00
617.5 17.00
617.5 17.00
617.5 17.00
617.5 17.00
617.5 16.00
617.5 16.00
617.6 17.00
617.6 16.00
617.6 17.00
617.6 17.00
617.6 16.00
617.6 17.00
617.6 16.00
617.6 17.00
617.7 17.00
617.7 16.00
617.7 17.00
617.7 17.00
617.7 16.00
617.7 17.00
617.7 17.00
617.7 17.00
617.8 17.00
617.8 17.00
617.8 17.00
617.8 17.00
617.8 17.00
617.8 17.00
617.8 17.00
617.8 17.00
617.9 17.00
617.9 17.00
617.9 17.00
617.9 18.00
617.9 17.00
617.9 17.00
617.9 17.00
617.9 16.00
618.0 16.00
618.0 14.00
618.0 15.00
618.0 14.00
618.0 14.00
618.0 14.00
618.0 14.00
618.0 14.00
618.1 14.00
618.1 13.00
618.1 14.00
618.1 14.00
618.1 14.00
618.1 14.00
618.1 14.00
618.1 14.00
618.2 14.00
618.2 14.00
618.2 14.00
618.2 14.00
618.2 14.00
