360.0 68.00
360.6 70.00
361.2 71.00
361.8 73.00
362.5 74.00
363.1 76.00
363.7 78.00
364.3 79.00
365.0 82.00
365.6 84.00
366.2 85.00
366.8 86.00
367.5 88.00
368.1 90.00
368.7 91.00
369.3 92.00
370.0 94.00
370.6 97.00
371.2 98.00
371.8 100.00
372.5 103.00
373.1 104.00
373.7 106.00
374.3 107.00
375.0 110.00
375.6 112.00
376.2 114.00
376.8 116.00
377.5 118.00
378.1 120.00
378.7 121.00
379.3 123.00
380.0 125.00
380.6 128.00
381.2 129.00
381.8 132.00
382.5 134.00
383.1 136.00
383.7 140.00
384.3 141.00
385.0 144.00
385.6 146.00
386.2 148.00
386.8 151.00
387.5 153.00
388.1 155.00
388.7 159.00
389.3 160.00
390.0 162.00
390.6 166.00
391.2 167.00
391.8 169.00
392.5 173.00
393.1 174.00
393.7 177.00
394.3 181.00
395.0 182.00
395.6 185.00
396.2 187.00
396.8 189.00
397.5 193.00
398.1 194.00
398.7 196.00
399.3 199.00
400.0 201.00
400.6 204.00
401.2 206.00
401.8 208.00
402.5 211.00
403.1 213.00
403.7 216.00
404.3 218.00
405.0 220.00
405.6 221.00
406.2 223.00
406.8 224.00
407.5 227.00
408.1 230.00
408.7 231.00
409.3 234.00
410.0 234.00
410.6 238.00
411.2 239.00
411.8 241.00
412.5 243.00
413.1 246.00
413.7 246.00
414.3 244.00
415.0 247.00
415.6 250.00
416.2 251.00
416.8 254.00
417.5 256.00
418.1 260.00
418.7 263.00
419.3 267.00
420.0 272.00
420.6 277.00
421.2 284.00
421.8 290.00
422.5 295.00
423.1 301.00
423.7 307.00
424.3 312.00
425.0 315.00
425.6 320.00
426.2 323.00
426.8 329.00
427.5 331.00
428.1 338.00
428.7 340.00
429.3 342.00
430.0 345.00
430.6 348.00
431.2 351.00
431.8 351.00
432.5 353.00
433.1 355.00
433.7 356.00
434.3 360.00
435.0 360.00
435.6 360.00
436.2 363.00
436.8 365.00
437.5 366.00
438.1 368.00
438.7 370.00
439.3 373.00
440.0 376.00
440.6 378.00
441.2 379.00
441.8 383.00
442.5 386.00
443.1 389.00
443.7 392.00
444.3 393.00
445.0 396.00
445.6 400.00
446.2 402.00
446.8 404.00
447.5 406.00
448.1 408.00
448.7 410.00
449.3 411.00
450.0 413.00
450.6 414.00
451.2 417.00
451.8 419.00
452.5 421.00
453.1 422.00
453.7 424.00
454.3 426.00
455.0 427.00
455.6 428.00
456.2 429.00
456.8 430.00
457.5 429.00
458.1 429.00
458.7 428.00
459.3 430.00
460.0 428.00
460.6 425.00
461.2 424.00
461.8 422.00
462.5 422.00
463.1 419.00
463.7 418.00
464.3 414.00
465.0 411.00
465.6 406.00
466.2 405.00
466.8 399.00
467.5 397.00
468.1 393.00
468.7 386.00
469.3 381.00
470.0 376.00
470.6 371.00
471.2 366.00
471.8 359.00
472.5 353.00
473.1 347.00
473.7 342.00
474.3 335.00
475.0 328.00
475.6 322.00
476.2 316.00
476.8 309.00
477.5 303.00
478.1 297.00
478.7 291.00
479.3 284.00
480.0 279.00
480.6 272.00
481.2 263.00
481.8 257.00
482.5 251.00
483.1 244.00
483.7 236.00
484.3 230.00
485.0 223.00
485.6 216.00
486.2 211.00
486.8 206.00
487.5 198.00
488.1 193.00
488.7 186.00
489.3 181.00
490.0 176.00
490.6 170.00
491.2 164.00
491.8 160.00
492.5 154.00
493.1 150.00
493.7 145.00
494.3 141.00
495.0 137.00
495.6 134.00
496.2 131.00
496.8 126.00
497.5 122.00
498.1 121.00
498.7 116.00
499.3 113.00
500.0 109.00
500.6 107.00
501.2 103.00
501.8 100.00
502.5 95.00
503.1 92.00
503.7 88.00
504.3 85.00
505.0 80.00
505.6 77.00
506.2 73.00
506.8 71.00
507.5 67.00
508.1 65.00
508.7 62.00
509.3 58.00
510.0 56.00
510.6 54.00
511.2 52.00
511.8 49.00
512.5 47.00
513.1 45.00
513.7 43.00
514.3 41.00
515.0 39.00
515.6 38.00
516.2 36.00
516.8 34.00
517.5 33.00
518.1 31.00
518.7 29.00
519.3 28.00
520.0 26.00
520.6 25.00
521.2 24.00
521.8 23.00
522.5 22.00
523.1 21.00
523.7 20.00
524.3 18.00
525.0 18.00
525.6 17.00
526.2 16.00
526.8 16.00
527.5 15.00
528.1 15.00
528.7 14.00
529.3 13.00
530.0 13.00
530.6 12.00
531.2 12.00
531.8 12.00
532.5 12.00
533.1 12.00
533.7 11.00
534.3 11.00
535.0 11.00
535.6 11.00
536.2 11.00
536.8 10.00
537.5 10.00
538.1 10.00
538.7 10.00
539.3 10.00
540.0 10.00
540.6 10.00
541.2 10.00
541.8 10.00
542.5 10.00
543.1 10.00
543.7 10.00
544.3 11.00
545.0 11.00
545.6 10.00
546.2 11.00
546.8 11.00
547.5 12.00
548.1 12.00
548.7 12.00
549.3 12.00
550.0 12.00
550.6 13.00
551.2 13.00
551.8 13.00
552.5 14.00
553.1 14.00
553.7 15.00
554.3 15.00
555.0 15.00
555.6 16.00
556.2 16.00
556.8 16.00
557.5 17.00
558.1 17.00
558.7 17.00
559.3 17.00
560.0 17.00
560.6 17.00
561.2 18.00
561.8 18.00
562.5 17.00
563.1 17.00
563.7 17.00
564.3 17.00
565.0 17.00
565.6 16.00
566.2 16.00
566.8 16.00
567.5 15.00
568.1 15.00
568.7 15.00
569.3 14.00
570.0 13.00
570.6 13.00
571.2 13.00
571.8 12.00
572.5 12.00
573.1 11.00
573.7 11.00
574.3 10.00
575.0 10.00
575.6 10.00
576.2 9.000
576.8 9.000
577.5 9.000
578.1 8.000
578.7 8.000
579.3 8.000
580.0 8.000
580.6 7.000
581.2 7.000
581.8 7.000
582.5 7.000
583.1 7.000
583.7 7.000
584.3 7.000
585.0 7.000
585.6 6.000
586.2 7.000
586.8 7.000
587.5 7.000
588.1 7.000
588.7 7.000
589.3 6.000
590.0 6.000
590.6 6.000
591.2 6.000
591.8 6.000
592.5 7.000
593.1 6.000
593.7 6.000
594.3 6.000
595.0 6.000
595.6 6.000
596.2 6.000
596.8 6.000
597.5 6.000
598.1 6.000
598.7 6.000
599.3 6.000
600.0 6.000
600.6 6.000
601.2 6.000
601.8 6.000
602.5 6.000
603.1 6.000
603.7 6.000
604.3 6.000
605.0 6.000
605.6 6.000
606.2 7.000
606.8 7.000
607.5 6.000
608.1 6.000
608.7 6.000
609.3 6.000
610.0 7.000
610.6 6.000
611.2 6.000
611.8 6.000
612.5 6.000
613.1 6.000
613.7 6.000
614.3 7.000
615.0 6.000
615.6 7.000
616.2 6.000
616.8 6.000
617.5 7.000
618.1 6.000
618.7 6.000
619.3 6.000
620.0 6.000
620.6 6.000
621.2 6.000
621.8 6.000
622.5 7.000
623.1 6.000
623.7 6.000
624.3 6.000
625.0 6.000
625.6 6.000
626.2 6.000
626.8 6.000
627.5 6.000
628.1 6.000
628.7 6.000
629.3 6.000
630.0 6.000
630.6 6.000
631.2 6.000
631.8 6.000
632.5 6.000
633.1 6.000
633.7 6.000
634.3 6.000
635.0 6.000
635.6 6.000
636.2 6.000
636.8 6.000
637.5 6.000
638.1 6.000
638.7 6.000
639.3 6.000
640.0 6.000
640.6 6.000
641.2 6.000
641.8 6.000
642.5 6.000
643.1 6.000
643.7 6.000
644.3 6.000
645.0 6.000
645.6 6.000
646.2 6.000
646.8 6.000
647.5 6.000
648.1 6.000
648.7 6.000
649.3 6.000
650.0 6.000
650.6 6.000
651.2 6.000
651.8 6.000
652.5 6.000
653.1 6.000
653.7 6.000
654.3 6.000
655.0 7.000
655.6 6.000
656.2 7.000
656.8 6.000
657.5 6.000
658.1 6.000
658.7 6.000
659.3 6.000
660.0 7.000
660.6 6.000
661.2 6.000
661.8 7.000
662.5 7.000
663.1 7.000
663.7 7.000
664.3 7.000
665.0 7.000
665.6 7.000
666.2 7.000
666.8 7.000
667.5 7.000
668.1 7.000
668.7 7.000
669.3 7.000
670.0 7.000
670.6 7.000
671.2 8.000
671.8 8.000
672.5 8.000
673.1 8.000
673.7 8.000
674.3 9.000
675.0 9.000
675.6 9.000
676.2 10.00
676.8 10.00
677.5 10.00
678.1 11.00
678.7 11.00
679.3 12.00
680.0 12.00
680.6 13.00
681.2 13.00
681.8 14.00
682.5 15.00
683.1 16.00
683.7 16.00
684.3 17.00
685.0 18.00
685.6 19.00
686.2 20.00
686.8 20.00
687.5 21.00
688.1 22.00
688.7 24.00
689.3 26.00
690.0 27.00
690.6 29.00
691.2 32.00
691.8 34.00
692.5 36.00
693.1 39.00
693.7 41.00
694.3 43.00
695.0 46.00
695.6 49.00
696.2 52.00
696.8 55.00
697.5 57.00
698.1 60.00
698.7 62.00
699.3 65.00
700.0 67.00
700.6 69.00
701.2 70.00
701.8 71.00
702.5 73.00
703.1 74.00
703.7 75.00
704.3 76.00
705.0 76.00
705.6 76.00
706.2 77.00
706.8 77.00
707.5 77.00
708.1 77.00
708.7 76.00
709.3 76.00
710.0 76.00
710.6 75.00
711.2 75.00
711.8 74.00
712.5 74.00
713.1 73.00
713.7 72.00
714.3 72.00
715.0 71.00
715.6 71.00
716.2 69.00
716.8 70.00
717.5 69.00
718.1 69.00
718.7 68.00
719.3 67.00
720.0 66.00
720.6 65.00
721.2 65.00
721.8 65.00
722.5 64.00
723.1 63.00
723.7 62.00
724.3 61.00
725.0 61.00
725.6 61.00
726.2 60.00
726.8 59.00
727.5 58.00
728.1 58.00
728.7 57.00
729.3 56.00
730.0 56.00
730.6 55.00
731.2 53.00
731.8 54.00
732.5 53.00
733.1 52.00
733.7 52.00
734.3 52.00
735.0 52.00
735.6 50.00
736.2 50.00
736.8 49.00
737.5 49.00
738.1 49.00
738.7 48.00
739.3 48.00
740.0 47.00
740.6 47.00
741.2 46.00
741.8 46.00
742.5 45.00
743.1 45.00
743.7 44.00
744.3 43.00
745.0 43.00
745.6 43.00
746.2 43.00
746.8 42.00
747.5 42.00
748.1 41.00
748.7 41.00
749.3 41.00
750.0 41.00
750.6 40.00
751.2 40.00
751.8 39.00
752.5 39.00
753.1 39.00
753.7 38.00
754.3 38.00
755.0 37.00
755.6 37.00
756.2 37.00
756.8 37.00
757.5 37.00
758.1 36.00
758.7 36.00
759.3 36.00
760.0 35.00
760.6 35.00
761.2 34.00
761.8 34.00
762.5 34.00
763.1 34.00
763.7 34.00
764.3 33.00
765.0 33.00
765.6 33.00
766.2 32.00
766.8 32.00
767.5 32.00
768.1 32.00
768.7 31.00
769.3 31.00
770.0 31.00
770.6 31.00
771.2 31.00
771.8 31.00
772.5 30.00
773.1 30.00
773.7 30.00
774.3 29.00
775.0 29.00
775.6 29.00
776.2 29.00
776.8 29.00
777.5 28.00
778.1 28.00
778.7 28.00
779.3 28.00
780.0 28.00
780.6 27.00
781.2 27.00
781.8 27.00
782.5 27.00
783.1 27.00
783.7 27.00
784.3 27.00
785.0 26.00
785.6 26.00
786.2 26.00
786.8 26.00
787.5 26.00
788.1 26.00
788.7 26.00
789.3 26.00
790.0 25.00
790.6 26.00
791.2 25.00
791.8 25.00
792.5 25.00
793.1 25.00
793.7 25.00
794.3 25.00
795.0 24.00
795.6 24.00
796.2 24.00
796.8 24.00
797.5 24.00
798.1 24.00
798.7 24.00
799.3 24.00
800.0 24.00
