360.0 6.000
360.6 6.000
361.2 6.000
361.8 6.000
362.5 6.000
363.1 6.000
363.7 6.000
364.3 6.000
365.0 6.000
365.6 6.000
366.2 6.000
366.8 6.000
367.5 6.000
368.1 6.000
368.7 6.000
369.3 6.000
370.0 6.000
370.6 6.000
371.2 6.000
371.8 6.000
372.5 6.000
373.1 6.000
373.7 6.000
374.3 6.000
375.0 6.000
375.6 6.000
376.2 6.000
376.8 6.000
377.5 6.000
378.1 6.000
378.7 6.000
379.3 6.000
380.0 6.000
380.6 6.000
381.2 6.000
381.8 6.000
382.5 6.000
383.1 6.000
383.7 6.000
384.3 6.000
385.0 6.000
385.6 6.000
386.2 6.000
386.8 6.000
387.5 6.000
388.1 6.000
388.7 6.000
389.3 6.000
390.0 6.000
390.6 6.000
391.2 6.000
391.8 6.000
392.5 6.000
393.1 6.000
393.7 6.000
394.3 6.000
395.0 6.000
395.6 6.000
396.2 6.000
396.8 6.000
397.5 6.000
398.1 7.000
398.7 6.000
399.3 6.000
400.0 6.000
400.6 6.000
401.2 6.000
401.8 6.000
402.5 6.000
403.1 6.000
403.7 6.000
404.3 6.000
405.0 6.000
405.6 6.000
406.2 6.000
406.8 6.000
407.5 6.000
408.1 6.000
408.7 6.000
409.3 6.000
410.0 6.000
410.6 6.000
411.2 6.000
411.8 6.000
412.5 6.000
413.1 6.000
413.7 6.000
414.3 6.000
415.0 6.000
415.6 6.000
416.2 6.000
416.8 6.000
417.5 6.000
418.1 6.000
418.7 7.000
419.3 6.000
420.0 6.000
420.6 6.000
421.2 6.000
421.8 6.000
422.5 6.000
423.1 6.000
423.7 6.000
424.3 7.000
425.0 6.000
425.6 7.000
426.2 7.000
426.8 7.000
427.5 7.000
428.1 7.000
428.7 7.000
429.3 7.000
430.0 7.000
430.6 7.000
431.2 7.000
431.8 7.000
432.5 7.000
433.1 7.000
433.7 8.000
434.3 8.000
435.0 8.000
435.6 8.000
436.2 8.000
436.8 8.000
437.5 9.000
438.1 9.000
438.7 10.00
439.3 9.000
440.0 10.00
440.6 11.00
441.2 11.00
441.8 12.00
442.5 12.00
443.1 13.00
443.7 14.00
444.3 14.00
445.0 15.00
445.6 16.00
446.2 17.00
446.8 18.00
447.5 19.00
448.1 21.00
448.7 22.00
449.3 24.00
450.0 25.00
450.6 26.00
451.2 28.00
451.8 31.00
452.5 33.00
453.1 35.00
453.7 37.00
454.3 39.00
455.0 41.00
455.6 44.00
456.2 48.00
456.8 51.00
457.5 54.00
458.1 56.00
458.7 60.00
459.3 64.00
460.0 66.00
460.6 70.00
461.2 74.00
461.8 77.00
462.5 82.00
463.1 86.00
463.7 90.00
464.3 94.00
465.0 99.00
465.6 104.00
466.2 108.00
466.8 113.00
467.5 118.00
468.1 122.00
468.7 126.00
469.3 132.00
470.0 136.00
470.6 140.00
471.2 146.00
471.8 151.00
472.5 156.00
473.1 161.00
473.7 166.00
474.3 171.00
475.0 179.00
475.6 183.00
476.2 189.00
476.8 193.00
477.5 200.00
478.1 204.00
478.7 210.00
479.3 217.00
480.0 221.00
480.6 228.00
481.2 233.00
481.8 238.00
482.5 245.00
483.1 252.00
483.7 257.00
484.3 263.00
485.0 269.00
485.6 275.00
486.2 281.00
486.8 287.00
487.5 292.00
488.1 299.00
488.7 305.00
489.3 311.00
490.0 316.00
490.6 322.00
491.2 328.00
491.8 335.00
492.5 342.00
493.1 350.00
493.7 356.00
494.3 361.00
495.0 369.00
495.6 374.00
496.2 380.00
496.8 384.00
497.5 392.00
498.1 398.00
498.7 403.00
499.3 408.00
500.0 415.00
500.6 419.00
501.2 423.00
501.8 429.00
502.5 436.00
503.1 442.00
503.7 449.00
504.3 456.00
505.0 462.00
505.6 467.00
506.2 470.00
506.8 476.00
507.5 482.00
508.1 488.00
508.7 491.00
509.3 498.00
510.0 500.00
510.6 503.00
511.2 506.00
511.8 511.00
512.5 515.00
513.1 520.00
513.7 523.00
514.3 528.00
515.0 535.00
515.6 537.00
516.2 539.00
516.8 544.00
517.5 546.00
518.1 554.00
518.7 556.00
519.3 558.00
520.0 560.00
520.6 565.00
521.2 568.00
521.8 572.00
522.5 574.00
523.1 576.00
523.7 579.00
524.3 581.00
525.0 583.00
525.6 586.00
526.2 586.00
526.8 590.00
527.5 591.00
528.1 593.00
528.7 595.00
529.3 598.00
530.0 597.00
530.6 598.00
531.2 599.00
531.8 600.00
532.5 601.00
533.1 600.00
533.7 599.00
534.3 600.00
535.0 602.00
535.6 602.00
536.2 603.00
536.8 600.00
537.5 601.00
538.1 601.00
538.7 602.00
539.3 601.00
540.0 598.00
540.6 600.00
541.2 600.00
541.8 596.00
542.5 596.00
543.1 596.00
543.7 591.00
544.3 591.00
545.0 594.00
545.6 589.00
546.2 587.00
546.8 584.00
547.5 584.00
548.1 582.00
548.7 578.00
549.3 576.00
550.0 574.00
550.6 570.00
551.2 566.00
551.8 565.00
552.5 562.00
553.1 559.00
553.7 557.00
554.3 554.00
555.0 554.00
555.6 549.00
556.2 547.00
556.8 544.00
557.5 539.00
558.1 537.00
558.7 533.00
559.3 528.00
560.0 525.00
560.6 521.00
561.2 520.00
561.8 515.00
562.5 511.00
563.1 508.00
563.7 504.00
564.3 499.00
565.0 497.00
565.6 491.00
566.2 486.00
566.8 481.00
567.5 478.00
568.1 472.00
568.7 470.00
569.3 466.00
570.0 461.00
570.6 456.00
571.2 451.00
571.8 446.00
572.5 441.00
573.1 440.00
573.7 432.00
574.3 430.00
575.0 424.00
575.6 420.00
576.2 413.00
576.8 410.00
577.5 407.00
578.1 403.00
578.7 397.00
579.3 391.00
580.0 387.00
580.6 383.00
581.2 379.00
581.8 374.00
582.5 369.00
583.1 362.00
583.7 358.00
584.3 353.00
585.0 349.00
585.6 345.00
586.2 339.00
586.8 336.00
587.5 331.00
588.1 327.00
588.7 322.00
589.3 318.00
590.0 313.00
590.6 308.00
591.2 303.00
591.8 298.00
592.5 295.00
593.1 289.00
593.7 286.00
594.3 281.00
595.0 279.00
595.6 274.00
596.2 269.00
596.8 266.00
597.5 262.00
598.1 258.00
598.7 253.00
599.3 250.00
600.0 247.00
600.6 242.00
601.2 238.00
601.8 234.00
602.5 230.00
603.1 227.00
603.7 222.00
604.3 218.00
605.0 216.00
605.6 212.00
606.2 208.00
606.8 205.00
607.5 201.00
608.1 198.00
608.7 196.00
609.3 192.00
610.0 189.00
610.6 186.00
611.2 183.00
611.8 180.00
612.5 177.00
613.1 174.00
613.7 170.00
614.3 168.00
615.0 166.00
615.6 162.00
616.2 161.00
616.8 157.00
617.5 155.00
618.1 152.00
618.7 150.00
619.3 147.00
620.0 144.00
620.6 142.00
621.2 140.00
621.8 137.00
622.5 134.00
623.1 133.00
623.7 130.00
624.3 128.00
625.0 125.00
625.6 122.00
626.2 121.00
626.8 119.00
627.5 117.00
628.1 115.00
628.7 114.00
629.3 111.00
630.0 110.00
630.6 109.00
631.2 107.00
631.8 103.00
632.5 103.00
633.1 101.00
633.7 100.00
634.3 99.00
635.0 98.00
635.6 96.00
636.2 95.00
636.8 94.00
637.5 93.00
638.1 92.00
638.7 91.00
639.3 89.00
640.0 88.00
640.6 88.00
641.2 88.00
641.8 86.00
642.5 85.00
643.1 84.00
643.7 82.00
644.3 81.00
645.0 81.00
645.6 80.00
646.2 79.00
646.8 77.00
647.5 76.00
648.1 74.00
648.7 74.00
649.3 72.00
650.0 71.00
650.6 71.00
651.2 69.00
651.8 69.00
652.5 67.00
653.1 66.00
653.7 66.00
654.3 65.00
655.0 64.00
655.6 63.00
656.2 63.00
656.8 62.00
657.5 60.00
658.1 60.00
658.7 61.00
659.3 59.00
660.0 59.00
660.6 58.00
661.2 58.00
661.8 57.00
662.5 57.00
663.1 56.00
663.7 56.00
664.3 55.00
665.0 55.00
665.6 54.00
666.2 54.00
666.8 54.00
667.5 53.00
668.1 54.00
668.7 53.00
669.3 53.00
670.0 53.00
670.6 52.00
671.2 52.00
671.8 53.00
672.5 53.00
673.1 53.00
673.7 52.00
674.3 52.00
675.0 52.00
675.6 51.00
676.2 51.00
676.8 51.00
677.5 49.00
678.1 48.00
678.7 48.00
679.3 47.00
680.0 46.00
680.6 45.00
681.2 45.00
681.8 43.00
682.5 43.00
683.1 42.00
683.7 41.00
684.3 41.00
685.0 40.00
685.6 39.00
686.2 39.00
686.8 38.00
687.5 37.00
688.1 38.00
688.7 38.00
689.3 39.00
690.0 39.00
690.6 40.00
691.2 42.00
691.8 42.00
692.5 43.00
693.1 43.00
693.7 45.00
694.3 46.00
695.0 47.00
695.6 48.00
696.2 49.00
696.8 50.00
697.5 51.00
698.1 52.00
698.7 53.00
699.3 53.00
700.0 53.00
700.6 54.00
701.2 54.00
701.8 54.00
702.5 54.00
703.1 54.00
703.7 53.00
704.3 53.00
705.0 52.00
705.6 52.00
706.2 51.00
706.8 52.00
707.5 50.00
708.1 50.00
708.7 50.00
709.3 49.00
710.0 48.00
710.6 48.00
711.2 47.00
711.8 47.00
712.5 46.00
713.1 45.00
713.7 45.00
714.3 44.00
715.0 44.00
715.6 44.00
716.2 42.00
716.8 42.00
717.5 42.00
718.1 42.00
718.7 41.00
719.3 41.00
720.0 40.00
720.6 40.00
721.2 40.00
721.8 39.00
722.5 39.00
723.1 39.00
723.7 38.00
724.3 38.00
725.0 37.00
725.6 37.00
726.2 37.00
726.8 37.00
727.5 36.00
728.1 36.00
728.7 36.00
729.3 35.00
730.0 35.00
730.6 35.00
731.2 35.00
731.8 34.00
732.5 34.00
733.1 34.00
733.7 34.00
734.3 33.00
735.0 33.00
735.6 33.00
736.2 33.00
736.8 32.00
737.5 32.00
738.1 32.00
738.7 32.00
739.3 32.00
740.0 31.00
740.6 31.00
741.2 30.00
741.8 30.00
742.5 30.00
743.1 31.00
743.7 30.00
744.3 29.00
745.0 29.00
745.6 29.00
746.2 29.00
746.8 29.00
747.5 28.00
748.1 28.00
748.7 28.00
749.3 28.00
750.0 28.00
750.6 27.00
751.2 28.00
751.8 27.00
752.5 27.00
753.1 27.00
753.7 27.00
754.3 26.00
755.0 26.00
755.6 26.00
756.2 26.00
756.8 25.00
757.5 26.00
758.1 26.00
758.7 25.00
759.3 25.00
760.0 25.00
760.6 25.00
761.2 25.00
761.8 25.00
762.5 24.00
763.1 24.00
763.7 24.00
764.3 24.00
765.0 24.00
765.6 24.00
766.2 24.00
766.8 24.00
767.5 23.00
768.1 23.00
768.7 23.00
769.3 23.00
770.0 23.00
770.6 23.00
771.2 22.00
771.8 23.00
772.5 22.00
773.1 22.00
773.7 22.00
774.3 22.00
775.0 21.00
775.6 22.00
776.2 21.00
776.8 22.00
777.5 21.00
778.1 21.00
778.7 21.00
779.3 21.00
780.0 21.00
780.6 20.00
781.2 21.00
781.8 20.00
782.5 20.00
783.1 20.00
783.7 20.00
784.3 20.00
785.0 20.00
785.6 19.00
786.2 20.00
786.8 19.00
787.5 20.00
788.1 19.00
788.7 19.00
789.3 19.00
790.0 19.00
790.6 19.00
791.2 19.00
791.8 19.00
792.5 19.00
793.1 19.00
793.7 18.00
794.3 19.00
795.0 18.00
795.6 18.00
796.2 18.00
796.8 18.00
797.5 18.00
798.1 18.00
798.7 18.00
799.3 18.00
800.0 18.00
