360.0 101.00
360.6 103.00
361.2 104.00
361.8 106.00
362.5 108.00
363.1 111.00
363.7 113.00
364.3 114.00
365.0 117.00
365.6 118.00
366.2 119.00
366.8 123.00
367.5 124.00
368.1 127.00
368.7 128.00
369.3 130.00
370.0 132.00
370.6 135.00
371.2 137.00
371.8 139.00
372.5 142.00
373.1 143.00
373.7 147.00
374.3 149.00
375.0 150.00
375.6 154.00
376.2 155.00
376.8 159.00
377.5 160.00
378.1 163.00
378.7 164.00
379.3 168.00
380.0 170.00
380.6 173.00
381.2 175.00
381.8 178.00
382.5 180.00
383.1 183.00
383.7 186.00
384.3 189.00
385.0 191.00
385.6 194.00
386.2 198.00
386.8 201.00
387.5 203.00
388.1 206.00
388.7 208.00
389.3 212.00
390.0 214.00
390.6 217.00
391.2 220.00
391.8 225.00
392.5 227.00
393.1 231.00
393.7 233.00
394.3 236.00
395.0 242.00
395.6 242.00
396.2 245.00
396.8 248.00
397.5 251.00
398.1 255.00
398.7 259.00
399.3 262.00
400.0 264.00
400.6 267.00
401.2 271.00
401.8 275.00
402.5 277.00
403.1 280.00
403.7 285.00
404.3 288.00
405.0 292.00
405.6 293.00
406.2 296.00
406.8 299.00
407.5 303.00
408.1 304.00
408.7 308.00
409.3 312.00
410.0 315.00
410.6 317.00
411.2 320.00
411.8 324.00
412.5 325.00
413.1 330.00
413.7 331.00
414.3 330.00
415.0 334.00
415.6 338.00
416.2 341.00
416.8 346.00
417.5 348.00
418.1 352.00
418.7 359.00
419.3 365.00
420.0 372.00
420.6 379.00
421.2 388.00
421.8 394.00
422.5 405.00
423.1 414.00
423.7 423.00
424.3 428.00
425.0 436.00
425.6 444.00
426.2 449.00
426.8 459.00
427.5 464.00
428.1 471.00
428.7 475.00
429.3 482.00
430.0 485.00
430.6 488.00
431.2 494.00
431.8 498.00
432.5 502.00
433.1 506.00
433.7 508.00
434.3 511.00
435.0 516.00
435.6 520.00
436.2 522.00
436.8 527.00
437.5 531.00
438.1 538.00
438.7 541.00
439.3 545.00
440.0 549.00
440.6 556.00
441.2 559.00
441.8 564.00
442.5 570.00
443.1 576.00
443.7 583.00
444.3 592.00
445.0 596.00
445.6 603.00
446.2 608.00
446.8 615.00
447.5 621.00
448.1 627.00
448.7 635.00
449.3 639.00
450.0 646.00
450.6 652.00
451.2 660.00
451.8 666.00
452.5 671.00
453.1 681.00
453.7 687.00
454.3 691.00
455.0 700.00
455.6 706.00
456.2 711.00
456.8 713.00
457.5 718.00
458.1 726.00
458.7 730.00
459.3 733.00
460.0 736.00
460.6 744.00
461.2 747.00
461.8 751.00
462.5 758.00
463.1 760.00
463.7 765.00
464.3 767.00
465.0 772.00
465.6 776.00
466.2 781.00
466.8 782.00
467.5 783.00
468.1 789.00
468.7 793.00
469.3 795.00
470.0 801.00
470.6 800.00
471.2 803.00
471.8 809.00
472.5 812.00
473.1 815.00
473.7 815.00
474.3 818.00
475.0 821.00
475.6 823.00
476.2 827.00
476.8 828.00
477.5 829.00
478.1 835.00
478.7 837.00
479.3 836.00
480.0 840.00
480.6 840.00
481.2 846.00
481.8 849.00
482.5 848.00
483.1 852.00
483.7 854.00
484.3 856.00
485.0 857.00
485.6 860.00
486.2 865.00
486.8 866.00
487.5 869.00
488.1 872.00
488.7 873.00
489.3 874.00
490.0 876.00
490.6 875.00
491.2 880.00
491.8 884.00
492.5 888.00
493.1 887.00
493.7 889.00
494.3 892.00
495.0 895.00
495.6 895.00
496.2 899.00
496.8 897.00
497.5 900.00
498.1 904.00
498.7 901.00
499.3 907.00
500.0 910.00
500.6 909.00
501.2 913.00
501.8 912.00
502.5 916.00
503.1 915.00
503.7 918.00
504.3 920.00
505.0 921.00
505.6 927.00
506.2 924.00
506.8 927.00
507.5 930.00
508.1 929.00
508.7 934.00
509.3 932.00
510.0 934.00
510.6 937.00
511.2 939.00
511.8 942.00
512.5 942.00
513.1 942.00
513.7 945.00
514.3 946.00
515.0 950.00
515.6 951.00
516.2 951.00
516.8 951.00
517.5 953.00
518.1 954.00
518.7 957.00
519.3 957.00
520.0 957.00
520.6 963.00
521.2 961.00
521.8 963.00
522.5 966.00
523.1 967.00
523.7 967.00
524.3 969.00
525.0 968.00
525.6 969.00
526.2 973.00
526.8 974.00
527.5 974.00
528.1 978.00
528.7 977.00
529.3 980.00
530.0 980.00
530.6 978.00
531.2 982.00
531.8 982.00
532.5 984.00
533.1 987.00
533.7 985.00
534.3 989.00
535.0 990.00
535.6 989.00
536.2 991.00
536.8 993.00
537.5 992.00
538.1 995.00
538.7 994.00
539.3 995.00
540.0 995.00
540.6 997.00
541.2 998.00
541.8 998.00
542.5 1001.0
543.1 1001.0
543.7 998.00
544.3 1002.0
545.0 1003.0
545.6 1001.0
546.2 1004.0
546.8 1004.0
547.5 1008.0
548.1 1006.0
548.7 1009.0
549.3 1006.0
550.0 1008.0
550.6 1009.0
551.2 1008.0
551.8 1010.0
552.5 1011.0
553.1 1014.0
553.7 1014.0
554.3 1015.0
555.0 1015.0
555.6 1015.0
556.2 1016.0
556.8 1016.0
557.5 1018.0
558.1 1015.0
558.7 1020.0
559.3 1020.0
560.0 1020.0
560.6 1019.0
561.2 1019.0
561.8 1018.0
562.5 1021.0
563.1 1021.0
563.7 1020.0
564.3 1024.0
565.0 1023.0
565.6 1020.0
566.2 1023.0
566.8 1023.0
567.5 1020.0
568.1 1022.0
568.7 1022.0
569.3 1021.0
570.0 1023.0
570.6 1025.0
571.2 1026.0
571.8 1023.0
572.5 1023.0
573.1 1024.0
573.7 1023.0
574.3 1023.0
575.0 1023.0
575.6 1020.0
576.2 1021.0
576.8 1024.0
577.5 1021.0
578.1 1026.0
578.7 1021.0
579.3 1023.0
580.0 1021.0
580.6 1024.0
581.2 1020.0
581.8 1020.0
582.5 1021.0
583.1 1020.0
583.7 1021.0
584.3 1020.0
585.0 1023.0
585.6 1020.0
586.2 1018.0
586.8 1017.0
587.5 1017.0
588.1 1017.0
588.7 1015.0
589.3 1016.0
590.0 1017.0
590.6 1013.0
591.2 1014.0
591.8 1012.0
592.5 1013.0
593.1 1013.0
593.7 1014.0
594.3 1010.0
595.0 1010.0
595.6 1011.0
596.2 1008.0
596.8 1009.0
597.5 1007.0
598.1 1006.0
598.7 1006.0
599.3 1004.0
600.0 1002.0
600.6 1002.0
601.2 1001.0
601.8 999.00
602.5 1000.0
603.1 999.00
603.7 997.00
604.3 998.00
605.0 995.00
605.6 994.00
606.2 992.00
606.8 994.00
607.5 989.00
608.1 989.00
608.7 989.00
609.3 990.00
610.0 987.00
610.6 985.00
611.2 987.00
611.8 985.00
612.5 984.00
613.1 983.00
613.7 981.00
614.3 982.00
615.0 980.00
615.6 981.00
616.2 976.00
616.8 976.00
617.5 973.00
618.1 973.00
618.7 972.00
619.3 971.00
620.0 968.00
620.6 965.00
621.2 964.00
621.8 965.00
622.5 960.00
623.1 957.00
623.7 959.00
624.3 956.00
625.0 953.00
625.6 950.00
626.2 945.00
626.8 947.00
627.5 943.00
628.1 941.00
628.7 939.00
629.3 935.00
630.0 932.00
630.6 936.00
631.2 929.00
631.8 929.00
632.5 925.00
633.1 919.00
633.7 920.00
634.3 918.00
635.0 915.00
635.6 913.00
636.2 911.00
636.8 909.00
637.5 907.00
638.1 905.00
638.7 901.00
639.3 899.00
640.0 893.00
640.6 895.00
641.2 889.00
641.8 885.00
642.5 882.00
643.1 880.00
643.7 877.00
644.3 876.00
645.0 873.00
645.6 870.00
646.2 867.00
646.8 863.00
647.5 861.00
648.1 859.00
648.7 858.00
649.3 852.00
650.0 849.00
650.6 843.00
651.2 842.00
651.8 838.00
652.5 837.00
653.1 832.00
653.7 832.00
654.3 830.00
655.0 824.00
655.6 822.00
656.2 819.00
656.8 818.00
657.5 813.00
658.1 809.00
658.7 807.00
659.3 803.00
660.0 802.00
660.6 798.00
661.2 794.00
661.8 792.00
662.5 787.00
663.1 783.00
663.7 780.00
664.3 777.00
665.0 773.00
665.6 767.00
666.2 765.00
666.8 761.00
667.5 759.00
668.1 756.00
668.7 753.00
669.3 749.00
670.0 747.00
670.6 742.00
671.2 738.00
671.8 735.00
672.5 733.00
673.1 726.00
673.7 725.00
674.3 719.00
675.0 715.00
675.6 711.00
676.2 707.00
676.8 705.00
677.5 702.00
678.1 697.00
678.7 693.00
679.3 689.00
680.0 683.00
680.6 680.00
681.2 675.00
681.8 668.00
682.5 661.00
683.1 658.00
683.7 652.00
684.3 648.00
685.0 639.00
685.6 632.00
686.2 621.00
686.8 607.00
687.5 592.00
688.1 604.00
688.7 619.00
689.3 632.00
690.0 646.00
690.6 663.00
691.2 679.00
691.8 699.00
692.5 720.00
693.1 740.00
693.7 762.00
694.3 785.00
695.0 805.00
695.6 822.00
696.2 842.00
696.8 859.00
697.5 875.00
698.1 888.00
698.7 897.00
699.3 905.00
700.0 913.00
700.6 914.00
701.2 917.00
701.8 916.00
702.5 914.00
703.1 911.00
703.7 902.00
704.3 896.00
705.0 886.00
705.6 875.00
706.2 867.00
706.8 859.00
707.5 845.00
708.1 836.00
708.7 824.00
709.3 809.00
710.0 800.00
710.6 791.00
711.2 777.00
711.8 763.00
712.5 756.00
713.1 743.00
713.7 731.00
714.3 722.00
715.0 709.00
715.6 701.00
716.2 691.00
716.8 679.00
717.5 668.00
718.1 664.00
718.7 653.00
719.3 644.00
720.0 637.00
720.6 628.00
721.2 620.00
721.8 611.00
722.5 603.00
723.1 598.00
723.7 588.00
724.3 580.00
725.0 576.00
725.6 568.00
726.2 561.00
726.8 556.00
727.5 550.00
728.1 542.00
728.7 537.00
729.3 530.00
730.0 524.00
730.6 517.00
731.2 511.00
731.8 507.00
732.5 500.00
733.1 497.00
733.7 491.00
734.3 484.00
735.0 480.00
735.6 475.00
736.2 470.00
736.8 463.00
737.5 460.00
738.1 456.00
738.7 451.00
739.3 445.00
740.0 442.00
740.6 435.00
741.2 433.00
741.8 429.00
742.5 422.00
743.1 420.00
743.7 416.00
744.3 412.00
745.0 408.00
745.6 405.00
746.2 400.00
746.8 396.00
747.5 394.00
748.1 389.00
748.7 387.00
749.3 384.00
750.0 381.00
750.6 377.00
751.2 372.00
751.8 369.00
752.5 366.00
753.1 362.00
753.7 359.00
754.3 356.00
755.0 352.00
755.6 351.00
756.2 346.00
756.8 344.00
757.5 341.00
758.1 337.00
758.7 335.00
759.3 331.00
760.0 326.00
760.6 325.00
761.2 321.00
761.8 319.00
762.5 316.00
763.1 313.00
763.7 310.00
764.3 306.00
765.0 304.00
765.6 302.00
766.2 299.00
766.8 295.00
767.5 295.00
768.1 292.00
768.7 288.00
769.3 286.00
770.0 284.00
770.6 281.00
771.2 278.00
771.8 274.00
772.5 273.00
773.1 271.00
773.7 269.00
774.3 266.00
775.0 264.00
775.6 261.00
776.2 260.00
776.8 258.00
777.5 256.00
778.1 254.00
778.7 253.00
779.3 250.00
780.0 247.00
780.6 244.00
781.2 243.00
781.8 243.00
782.5 239.00
783.1 239.00
783.7 236.00
784.3 235.00
785.0 233.00
785.6 231.00
786.2 229.00
786.8 227.00
787.5 226.00
788.1 223.00
788.7 223.00
789.3 221.00
790.0 220.00
790.6 218.00
791.2 216.00
791.8 214.00
792.5 214.00
793.1 212.00
793.7 210.00
794.3 209.00
795.0 207.00
795.6 205.00
796.2 204.00
796.8 203.00
797.5 204.00
798.1 201.00
798.7 199.00
799.3 198.00
800.0 199.00
