360.0 6.000
360.6 6.000
361.2 6.000
361.8 6.000
362.5 6.000
363.1 6.000
363.7 6.000
364.3 6.000
365.0 6.000
365.6 6.000
366.2 6.000
366.8 6.000
367.5 6.000
368.1 6.000
368.7 6.000
369.3 6.000
370.0 6.000
370.6 6.000
371.2 6.000
371.8 6.000
372.5 6.000
373.1 6.000
373.7 6.000
374.3 6.000
375.0 6.000
375.6 6.000
376.2 6.000
376.8 6.000
377.5 6.000
378.1 6.000
378.7 6.000
379.3 6.000
380.0 6.000
380.6 6.000
381.2 6.000
381.8 6.000
382.5 6.000
383.1 6.000
383.7 6.000
384.3 6.000
385.0 6.000
385.6 6.000
386.2 6.000
386.8 6.000
387.5 6.000
388.1 6.000
388.7 6.000
389.3 6.000
390.0 6.000
390.6 6.000
391.2 6.000
391.8 6.000
392.5 6.000
393.1 6.000
393.7 6.000
394.3 6.000
395.0 6.000
395.6 6.000
396.2 6.000
396.8 6.000
397.5 6.000
398.1 6.000
398.7 6.000
399.3 6.000
400.0 6.000
400.6 6.000
401.2 6.000
401.8 6.000
402.5 6.000
403.1 6.000
403.7 6.000
404.3 6.000
405.0 6.000
405.6 7.000
406.2 6.000
406.8 6.000
407.5 6.000
408.1 6.000
408.7 6.000
409.3 6.000
410.0 6.000
410.6 6.000
411.2 6.000
411.8 6.000
412.5 6.000
413.1 6.000
413.7 6.000
414.3 6.000
415.0 6.000
415.6 6.000
416.2 6.000
416.8 6.000
417.5 6.000
418.1 6.000
418.7 6.000
419.3 6.000
420.0 6.000
420.6 7.000
421.2 6.000
421.8 6.000
422.5 6.000
423.1 6.000
423.7 6.000
424.3 6.000
425.0 6.000
425.6 6.000
426.2 6.000
426.8 6.000
427.5 6.000
428.1 6.000
428.7 6.000
429.3 6.000
430.0 6.000
430.6 6.000
431.2 6.000
431.8 6.000
432.5 6.000
433.1 6.000
433.7 6.000
434.3 6.000
435.0 6.000
435.6 6.000
436.2 6.000
436.8 6.000
437.5 6.000
438.1 6.000
438.7 6.000
439.3 6.000
440.0 6.000
440.6 6.000
441.2 6.000
441.8 6.000
442.5 6.000
443.1 6.000
443.7 6.000
444.3 6.000
445.0 6.000
445.6 6.000
446.2 6.000
446.8 6.000
447.5 6.000
448.1 6.000
448.7 6.000
449.3 7.000
450.0 6.000
450.6 6.000
451.2 6.000
451.8 6.000
452.5 7.000
453.1 7.000
453.7 6.000
454.3 6.000
455.0 6.000
455.6 7.000
456.2 6.000
456.8 6.000
457.5 6.000
458.1 6.000
458.7 6.000
459.3 6.000
460.0 6.000
460.6 6.000
461.2 6.000
461.8 6.000
462.5 6.000
463.1 6.000
463.7 6.000
464.3 6.000
465.0 6.000
465.6 6.000
466.2 6.000
466.8 6.000
467.5 6.000
468.1 6.000
468.7 6.000
469.3 6.000
470.0 6.000
470.6 6.000
471.2 6.000
471.8 6.000
472.5 6.000
473.1 6.000
473.7 6.000
474.3 6.000
475.0 6.000
475.6 6.000
476.2 6.000
476.8 6.000
477.5 6.000
478.1 6.000
478.7 6.000
479.3 6.000
480.0 6.000
480.6 6.000
481.2 6.000
481.8 6.000
482.5 6.000
483.1 6.000
483.7 6.000
484.3 6.000
485.0 6.000
485.6 6.000
486.2 6.000
486.8 6.000
487.5 6.000
488.1 6.000
488.7 6.000
489.3 6.000
490.0 6.000
490.6 6.000
491.2 6.000
491.8 6.000
492.5 6.000
493.1 6.000
493.7 6.000
494.3 6.000
495.0 6.000
495.6 6.000
496.2 6.000
496.8 6.000
497.5 6.000
498.1 6.000
498.7 6.000
499.3 6.000
500.0 6.000
500.6 6.000
501.2 6.000
501.8 6.000
502.5 6.000
503.1 6.000
503.7 6.000
504.3 6.000
505.0 6.000
505.6 7.000
506.2 6.000
506.8 6.000
507.5 7.000
508.1 6.000
508.7 6.000
509.3 6.000
510.0 6.000
510.6 6.000
511.2 7.000
511.8 6.000
512.5 7.000
513.1 6.000
513.7 6.000
514.3 6.000
515.0 6.000
515.6 6.000
516.2 7.000
516.8 6.000
517.5 7.000
518.1 7.000
518.7 7.000
519.3 7.000
520.0 6.000
520.6 6.000
521.2 6.000
521.8 6.000
522.5 6.000
523.1 7.000
523.7 6.000
524.3 6.000
525.0 7.000
525.6 7.000
526.2 7.000
526.8 6.000
527.5 7.000
528.1 7.000
528.7 7.000
529.3 7.000
530.0 7.000
530.6 7.000
531.2 7.000
531.8 7.000
532.5 7.000
533.1 7.000
533.7 7.000
534.3 7.000
535.0 7.000
535.6 7.000
536.2 7.000
536.8 7.000
537.5 7.000
538.1 7.000
538.7 7.000
539.3 7.000
540.0 7.000
540.6 7.000
541.2 7.000
541.8 7.000
542.5 7.000
543.1 7.000
543.7 7.000
544.3 7.000
545.0 7.000
545.6 7.000
546.2 8.000
546.8 8.000
547.5 8.000
548.1 8.000
548.7 8.000
549.3 8.000
550.0 8.000
550.6 8.000
551.2 8.000
551.8 9.000
552.5 8.000
553.1 9.000
553.7 9.000
554.3 9.000
555.0 9.000
555.6 9.000
556.2 9.000
556.8 9.000
557.5 9.000
558.1 9.000
558.7 10.00
559.3 10.00
560.0 10.00
560.6 10.00
561.2 10.00
561.8 10.00
562.5 10.00
563.1 10.00
563.7 11.00
564.3 11.00
565.0 11.00
565.6 11.00
566.2 11.00
566.8 11.00
567.5 12.00
568.1 12.00
568.7 12.00
569.3 13.00
570.0 13.00
570.6 13.00
571.2 13.00
571.8 14.00
572.5 15.00
573.1 15.00
573.7 16.00
574.3 16.00
575.0 17.00
575.6 17.00
576.2 18.00
576.8 18.00
577.5 20.00
578.1 21.00
578.7 22.00
579.3 24.00
580.0 25.00
580.6 27.00
581.2 29.00
581.8 32.00
582.5 36.00
583.1 39.00
583.7 43.00
584.3 49.00
585.0 54.00
585.6 60.00
586.2 68.00
586.8 78.00
587.5 88.00
588.1 100.00
588.7 113.00
589.3 128.00
590.0 144.00
590.6 161.00
591.2 182.00
591.8 206.00
592.5 229.00
593.1 255.00
593.7 281.00
594.3 306.00
595.0 333.00
595.6 359.00
596.2 387.00
596.8 414.00
597.5 440.00
598.1 465.00
598.7 490.00
599.3 513.00
600.0 534.00
600.6 556.00
601.2 576.00
601.8 598.00
602.5 619.00
603.1 635.00
603.7 651.00
604.3 667.00
605.0 682.00
605.6 694.00
606.2 704.00
606.8 714.00
607.5 727.00
608.1 733.00
608.7 743.00
609.3 752.00
610.0 758.00
610.6 764.00
611.2 771.00
611.8 778.00
612.5 786.00
613.1 792.00
613.7 797.00
614.3 802.00
615.0 804.00
615.6 808.00
616.2 809.00
616.8 811.00
617.5 814.00
618.1 818.00
618.7 820.00
619.3 820.00
620.0 820.00
620.6 823.00
621.2 821.00
621.8 821.00
622.5 822.00
623.1 823.00
623.7 823.00
624.3 820.00
625.0 816.00
625.6 817.00
626.2 815.00
626.8 815.00
627.5 815.00
628.1 813.00
628.7 808.00
629.3 808.00
630.0 807.00
630.6 807.00
631.2 804.00
631.8 802.00
632.5 799.00
633.1 797.00
633.7 799.00
634.3 795.00
635.0 793.00
635.6 791.00
636.2 790.00
636.8 788.00
637.5 787.00
638.1 783.00
638.7 781.00
639.3 778.00
640.0 774.00
640.6 774.00
641.2 773.00
641.8 772.00
642.5 772.00
643.1 765.00
643.7 763.00
644.3 760.00
645.0 760.00
645.6 758.00
646.2 757.00
646.8 753.00
647.5 750.00
648.1 748.00
648.7 743.00
649.3 744.00
650.0 739.00
650.6 736.00
651.2 737.00
651.8 731.00
652.5 729.00
653.1 729.00
653.7 728.00
654.3 725.00
655.0 720.00
655.6 723.00
656.2 719.00
656.8 716.00
657.5 714.00
658.1 711.00
658.7 709.00
659.3 705.00
660.0 702.00
660.6 702.00
661.2 697.00
661.8 693.00
662.5 691.00
663.1 683.00
663.7 681.00
664.3 678.00
665.0 683.00
665.6 678.00
666.2 675.00
666.8 672.00
667.5 667.00
668.1 662.00
668.7 660.00
669.3 659.00
670.0 656.00
670.6 655.00
671.2 649.00
671.8 647.00
672.5 643.00
673.1 640.00
673.7 637.00
674.3 631.00
675.0 631.00
675.6 627.00
676.2 623.00
676.8 621.00
677.5 617.00
678.1 612.00
678.7 611.00
679.3 605.00
680.0 603.00
680.6 599.00
681.2 593.00
681.8 584.00
682.5 582.00
683.1 575.00
683.7 570.00
684.3 565.00
685.0 559.00
685.6 550.00
686.2 544.00
686.8 531.00
687.5 518.00
688.1 527.00
688.7 539.00
689.3 551.00
690.0 565.00
690.6 577.00
691.2 593.00
691.8 608.00
692.5 627.00
693.1 645.00
693.7 664.00
694.3 680.00
695.0 699.00
695.6 718.00
696.2 734.00
696.8 749.00
697.5 764.00
698.1 776.00
698.7 781.00
699.3 791.00
700.0 797.00
700.6 800.00
701.2 800.00
701.8 800.00
702.5 797.00
703.1 791.00
703.7 785.00
704.3 781.00
705.0 774.00
705.6 764.00
706.2 758.00
706.8 748.00
707.5 737.00
708.1 724.00
708.7 715.00
709.3 708.00
710.0 697.00
710.6 688.00
711.2 679.00
711.8 666.00
712.5 656.00
713.1 645.00
713.7 634.00
714.3 623.00
715.0 618.00
715.6 608.00
716.2 599.00
716.8 591.00
717.5 584.00
718.1 576.00
718.7 569.00
719.3 563.00
720.0 553.00
720.6 546.00
721.2 540.00
721.8 533.00
722.5 525.00
723.1 518.00
723.7 512.00
724.3 506.00
725.0 499.00
725.6 493.00
726.2 487.00
726.8 482.00
727.5 475.00
728.1 471.00
728.7 465.00
729.3 461.00
730.0 454.00
730.6 449.00
731.2 447.00
731.8 438.00
732.5 432.00
733.1 431.00
733.7 424.00
734.3 421.00
735.0 416.00
735.6 413.00
736.2 407.00
736.8 403.00
737.5 399.00
738.1 396.00
738.7 391.00
739.3 389.00
740.0 384.00
740.6 380.00
741.2 377.00
741.8 372.00
742.5 370.00
743.1 365.00
743.7 362.00
744.3 358.00
745.0 355.00
745.6 351.00
746.2 349.00
746.8 346.00
747.5 344.00
748.1 341.00
748.7 335.00
749.3 333.00
750.0 331.00
750.6 327.00
751.2 325.00
751.8 321.00
752.5 319.00
753.1 316.00
753.7 311.00
754.3 308.00
755.0 306.00
755.6 304.00
756.2 301.00
756.8 298.00
757.5 295.00
758.1 293.00
758.7 291.00
759.3 287.00
760.0 285.00
760.6 281.00
761.2 280.00
761.8 276.00
762.5 274.00
763.1 271.00
763.7 269.00
764.3 266.00
765.0 264.00
765.6 263.00
766.2 260.00
766.8 258.00
767.5 256.00
768.1 252.00
768.7 252.00
769.3 249.00
770.0 246.00
770.6 245.00
771.2 242.00
771.8 240.00
772.5 238.00
773.1 236.00
773.7 234.00
774.3 231.00
775.0 229.00
775.6 227.00
776.2 225.00
776.8 222.00
777.5 220.00
778.1 217.00
778.7 216.00
779.3 214.00
780.0 212.00
780.6 212.00
781.2 209.00
781.8 207.00
782.5 206.00
783.1 204.00
783.7 203.00
784.3 201.00
785.0 200.00
785.6 197.00
786.2 197.00
786.8 195.00
787.5 193.00
788.1 192.00
788.7 191.00
789.3 189.00
790.0 188.00
790.6 187.00
791.2 186.00
791.8 183.00
792.5 183.00
793.1 182.00
793.7 181.00
794.3 179.00
795.0 178.00
795.6 176.00
796.2 176.00
796.8 174.00
797.5 174.00
798.1 172.00
798.7 171.00
799.3 169.00
800.0 169.00
