685.0 9.000
685.0 9.000
685.0 9.000
685.0 9.000
685.0 9.000
685.0 9.000
685.0 9.000
685.0 9.000
685.1 9.000
685.1 9.000
685.1 9.000
685.1 9.000
685.1 9.000
685.1 9.000
685.1 9.000
685.1 9.000
685.2 9.000
685.2 9.000
685.2 9.000
685.2 9.000
685.2 9.000
685.2 9.000
685.2 9.000
685.2 9.000
685.3 9.000
685.3 9.000
685.3 9.000
685.3 9.000
685.3 9.000
685.3 9.000
685.3 9.000
685.3 9.000
685.4 9.000
685.4 9.000
685.4 9.000
685.4 9.000
685.4 9.000
685.4 9.000
685.4 9.000
685.4 9.000
685.5 9.000
685.5 9.000
685.5 9.000
685.5 9.000
685.5 9.000
685.5 9.000
685.5 9.000
685.5 9.000
685.6 9.000
685.6 9.000
685.6 9.000
685.6 9.000
685.6 9.000
685.6 9.000
685.6 9.000
685.6 9.000
685.7 9.000
685.7 9.000
685.7 9.000
685.7 9.000
685.7 9.000
685.7 9.000
685.7 9.000
685.7 9.000
685.8 9.000
685.8 9.000
685.8 9.000
685.8 9.000
685.8 9.000
685.8 9.000
685.8 9.000
685.8 9.000
685.9 9.000
685.9 9.000
685.9 9.000
685.9 9.000
685.9 9.000
685.9 9.000
685.9 9.000
685.9 9.000
686.0 9.000
686.0 9.000
686.0 9.000
686.0 9.000
686.0 9.000
686.0 9.000
686.0 9.000
686.0 9.000
686.1 9.000
686.1 9.000
686.1 9.000
686.1 9.000
686.1 9.000
686.1 9.000
686.1 9.000
686.1 9.000
686.2 9.000
686.2 9.000
686.2 9.000
686.2 9.000
686.2 9.000
686.2 9.000
686.2 9.000
686.2 9.000
686.3 9.000
686.3 9.000
686.3 9.000
686.3 9.000
686.3 9.000
686.3 9.000
686.3 9.000
686.3 9.000
686.4 9.000
686.4 9.000
686.4 9.000
686.4 9.000
686.4 9.000
686.4 9.000
686.4 9.000
686.4 9.000
686.5 9.000
686.5 9.000
686.5 9.000
686.5 9.000
686.5 9.000
686.5 9.000
686.5 9.000
686.5 9.000
686.6 9.000
686.6 9.000
686.6 9.000
686.6 9.000
686.6 9.000
686.6 9.000
686.6 9.000
686.6 9.000
686.7 9.000
686.7 9.000
686.7 9.000
686.7 9.000
686.7 9.000
686.7 9.000
686.7 9.000
686.7 9.000
686.8 9.000
686.8 9.000
686.8 9.000
686.8 9.000
686.8 9.000
686.8 9.000
686.8 9.000
686.8 9.000
686.9 9.000
686.9 9.000
686.9 9.000
686.9 9.000
686.9 9.000
686.9 9.000
686.9 9.000
686.9 9.000
687.0 9.000
687.0 9.000
687.0 9.000
687.0 9.000
687.0 9.000
687.0 9.000
687.0 9.000
687.0 9.000
687.1 9.000
687.1 9.000
687.1 9.000
687.1 9.000
687.1 9.000
687.1 9.000
687.1 9.000
687.1 9.000
687.2 9.000
687.2 9.000
687.2 9.000
687.2 9.000
687.2 9.000
687.2 9.000
687.2 9.000
687.2 9.000
687.3 9.000
687.3 9.000
687.3 9.000
687.3 9.000
687.3 9.000
687.3 9.000
687.3 9.000
687.3 9.000
687.4 9.000
687.4 9.000
687.4 9.000
687.4 9.000
687.4 9.000
687.4 9.000
687.4 9.000
687.4 9.000
687.5 9.000
687.5 9.000
687.5 9.000
687.5 9.000
687.5 8.000
687.5 9.000
687.5 9.000
687.5 9.000
687.6 9.000
687.6 9.000
687.6 9.000
687.6 9.000
687.6 9.000
687.6 9.000
687.6 9.000
687.6 9.000
687.7 9.000
687.7 9.000
687.7 9.000
687.7 9.000
687.7 9.000
687.7 9.000
687.7 9.000
687.7 9.000
687.8 9.000
687.8 9.000
687.8 9.000
687.8 9.000
687.8 9.000
687.8 9.000
687.8 9.000
687.8 9.000
687.9 9.000
687.9 9.000
687.9 9.000
687.9 9.000
687.9 9.000
687.9 9.000
687.9 9.000
687.9 9.000
688.0 9.000
688.0 9.000
688.0 9.000
688.0 9.000
688.0 9.000
688.0 9.000
688.0 9.000
688.0 9.000
688.1 9.000
688.1 9.000
688.1 9.000
688.1 9.000
688.1 9.000
688.1 9.000
688.1 9.000
688.1 9.000
688.2 9.000
688.2 9.000
688.2 9.000
688.2 9.000
688.2 9.000
688.2 9.000
688.2 9.000
688.2 9.000
688.3 9.000
688.3 9.000
688.3 9.000
688.3 9.000
688.3 9.000
688.3 9.000
688.3 9.000
688.3 9.000
688.4 9.000
688.4 9.000
688.4 9.000
688.4 9.000
688.4 9.000
688.4 9.000
688.4 9.000
688.4 9.000
688.5 9.000
688.5 9.000
688.5 9.000
688.5 9.000
688.5 9.000
688.5 9.000
688.5 9.000
688.5 9.000
688.6 9.000
688.6 9.000
688.6 9.000
688.6 9.000
688.6 9.000
688.6 10.00
688.6 10.00
688.6 9.000
688.7 9.000
688.7 9.000
688.7 9.000
688.7 9.000
688.7 10.00
688.7 9.000
688.7 9.000
688.7 9.000
688.8 9.000
688.8 10.00
688.8 9.000
688.8 9.000
688.8 9.000
688.8 10.00
688.8 10.00
688.8 10.00
688.9 10.00
688.9 10.00
688.9 10.00
688.9 10.00
688.9 9.000
688.9 10.00
688.9 10.00
688.9 10.00
689.0 10.00
689.0 10.00
689.0 10.00
689.0 10.00
689.0 10.00
689.0 10.00
689.0 10.00
689.0 10.00
689.1 10.00
689.1 10.00
689.1 10.00
689.1 9.000
689.1 10.00
689.1 10.00
689.1 10.00
689.1 10.00
689.2 10.00
689.2 10.00
689.2 10.00
689.2 10.00
689.2 10.00
689.2 10.00
689.2 10.00
689.2 10.00
689.3 10.00
689.3 10.00
689.3 10.00
689.3 10.00
689.3 10.00
689.3 10.00
689.3 10.00
689.3 10.00
689.4 10.00
689.4 10.00
689.4 10.00
689.4 10.00
689.4 10.00
689.4 10.00
689.4 10.00
689.4 10.00
689.5 10.00
689.5 10.00
689.5 10.00
689.5 10.00
689.5 10.00
689.5 10.00
689.5 10.00
689.5 11.00
689.6 11.00
689.6 11.00
689.6 11.00
689.6 11.00
689.6 10.00
689.6 11.00
689.6 11.00
689.6 11.00
689.7 11.00
689.7 10.00
689.7 11.00
689.7 11.00
689.7 11.00
689.7 11.00
689.7 11.00
689.7 11.00
689.8 11.00
689.8 11.00
689.8 11.00
689.8 11.00
689.8 11.00
689.8 11.00
689.8 11.00
689.8 11.00
689.9 11.00
689.9 11.00
689.9 11.00
689.9 11.00
689.9 11.00
689.9 11.00
689.9 11.00
689.9 12.00
690.0 11.00
690.0 11.00
690.0 11.00
690.0 11.00
690.0 11.00
690.0 11.00
690.0 11.00
690.0 11.00
690.1 11.00
690.1 11.00
690.1 12.00
690.1 12.00
690.1 11.00
690.1 12.00
690.1 12.00
690.1 12.00
690.2 12.00
690.2 12.00
690.2 12.00
690.2 12.00
690.2 11.00
690.2 12.00
690.2 12.00
690.2 12.00
690.3 12.00
690.3 12.00
690.3 12.00
690.3 12.00
690.3 12.00
690.3 12.00
690.3 12.00
690.3 12.00
690.4 12.00
690.4 12.00
690.4 12.00
690.4 12.00
690.4 13.00
690.4 12.00
690.4 12.00
690.4 13.00
690.5 13.00
690.5 13.00
690.5 13.00
690.5 13.00
690.5 13.00
690.5 13.00
690.5 13.00
690.5 13.00
690.6 13.00
690.6 13.00
690.6 13.00
690.6 13.00
690.6 13.00
690.6 13.00
690.6 13.00
690.6 14.00
690.7 13.00
690.7 14.00
690.7 13.00
690.7 14.00
690.7 14.00
690.7 14.00
690.7 14.00
690.7 14.00
690.8 14.00
690.8 14.00
690.8 14.00
690.8 14.00
690.8 15.00
690.8 14.00
690.8 14.00
690.8 14.00
690.9 15.00
690.9 15.00
690.9 15.00
690.9 15.00
690.9 15.00
690.9 15.00
690.9 15.00
690.9 15.00
691.0 15.00
691.0 15.00
691.0 16.00
691.0 15.00
691.0 15.00
691.0 16.00
691.0 16.00
691.0 16.00
691.1 16.00
691.1 16.00
691.1 16.00
691.1 16.00
691.1 16.00
691.1 17.00
691.1 17.00
691.1 17.00
691.2 17.00
691.2 17.00
691.2 17.00
691.2 17.00
691.2 17.00
691.2 18.00
691.2 18.00
691.2 18.00
691.3 18.00
691.3 18.00
691.3 18.00
691.3 19.00
691.3 19.00
691.3 19.00
691.3 19.00
691.3 19.00
691.4 20.00
691.4 20.00
691.4 20.00
691.4 20.00
691.4 20.00
691.4 21.00
691.4 21.00
691.4 21.00
691.5 21.00
691.5 21.00
691.5 22.00
691.5 22.00
691.5 22.00
691.5 22.00
691.5 23.00
691.5 23.00
691.6 23.00
691.6 24.00
691.6 24.00
691.6 24.00
691.6 25.00
691.6 25.00
691.6 25.00
691.6 26.00
691.7 26.00
691.7 26.00
691.7 27.00
691.7 27.00
691.7 28.00
691.7 28.00
691.7 29.00
691.7 29.00
691.8 30.00
691.8 30.00
691.8 31.00
691.8 31.00
691.8 32.00
691.8 33.00
691.8 33.00
691.8 33.00
691.9 34.00
691.9 35.00
691.9 35.00
691.9 36.00
691.9 37.00
691.9 37.00
691.9 38.00
691.9 39.00
692.0 40.00
692.0 41.00
692.0 42.00
692.0 43.00
692.0 44.00
692.0 45.00
692.0 47.00
692.0 47.00
692.1 49.00
692.1 50.00
692.1 51.00
692.1 52.00
692.1 54.00
692.1 55.00
692.1 57.00
692.1 59.00
692.2 61.00
692.2 62.00
692.2 64.00
692.2 65.00
692.2 68.00
692.2 71.00
692.2 73.00
692.2 75.00
692.3 78.00
692.3 82.00
692.3 85.00
692.3 87.00
692.3 91.00
692.3 96.00
692.3 99.00
692.3 103.00
692.4 108.00
692.4 112.00
692.4 117.00
692.4 123.00
692.4 130.00
692.4 136.00
692.4 142.00
692.4 149.00
692.5 157.00
692.5 166.00
692.5 174.00
692.5 183.00
692.5 193.00
692.5 204.00
692.5 216.00
692.5 228.00
692.6 243.00
692.6 257.00
692.6 270.00
692.6 285.00
692.6 302.00
692.6 318.00
692.6 335.00
692.6 351.00
692.7 370.00
692.7 388.00
692.7 406.00
692.7 422.00
692.7 440.00
692.7 457.00
692.7 474.00
692.7 487.00
692.8 502.00
692.8 515.00
692.8 526.00
692.8 535.00
692.8 542.00
692.8 547.00
692.8 549.00
692.8 549.00
692.9 547.00
692.9 543.00
692.9 537.00
692.9 529.00
692.9 518.00
692.9 508.00
692.9 495.00
692.9 482.00
693.0 468.00
693.0 453.00
693.0 439.00
693.0 424.00
693.0 408.00
693.0 393.00
693.0 378.00
693.0 362.00
693.1 347.00
693.1 334.00
693.1 321.00
693.1 307.00
693.1 295.00
693.1 283.00
693.1 273.00
693.1 262.00
693.2 253.00
693.2 243.00
693.2 237.00
693.2 228.00
693.2 220.00
693.2 214.00
693.2 209.00
693.2 203.00
693.3 198.00
693.3 194.00
693.3 190.00
693.3 185.00
693.3 183.00
693.3 180.00
693.3 177.00
693.3 174.00
693.4 172.00
693.4 170.00
693.4 170.00
693.4 168.00
693.4 167.00
693.4 167.00
693.4 166.00
693.4 166.00
693.5 167.00
693.5 167.00
693.5 167.00
693.5 169.00
693.5 170.00
693.5 172.00
693.5 174.00
693.5 176.00
693.6 178.00
693.6 181.00
693.6 183.00
693.6 187.00
693.6 191.00
693.6 195.00
693.6 199.00
693.6 203.00
693.7 208.00
693.7 214.00
693.7 220.00
693.7 226.00
693.7 232.00
693.7 238.00
693.7 245.00
693.7 253.00
693.8 262.00
693.8 271.00
693.8 281.00
693.8 290.00
693.8 302.00
693.8 311.00
693.8 322.00
693.8 335.00
693.9 349.00
693.9 362.00
693.9 377.00
693.9 394.00
693.9 413.00
693.9 429.00
693.9 447.00
693.9 466.00
694.0 485.00
694.0 505.00
694.0 524.00
694.0 545.00
694.0 566.00
694.0 588.00
694.0 609.00
694.0 630.00
694.1 652.00
694.1 673.00
694.1 690.00
694.1 710.00
694.1 731.00
694.1 747.00
694.1 765.00
694.1 781.00
694.2 795.00
694.2 806.00
694.2 817.00
694.2 825.00
694.2 832.00
694.2 838.00
694.2 838.00
694.2 839.00
694.3 835.00
694.3 832.00
694.3 825.00
694.3 817.00
694.3 805.00
694.3 794.00
694.3 779.00
694.3 766.00
694.4 749.00
694.4 732.00
694.4 718.00
694.4 699.00
694.4 678.00
694.4 659.00
694.4 641.00
694.4 620.00
694.5 600.00
694.5 580.00
694.5 561.00
694.5 542.00
694.5 521.00
694.5 505.00
694.5 486.00
694.5 469.00
694.6 450.00
694.6 436.00
694.6 421.00
694.6 405.00
694.6 390.00
694.6 375.00
694.6 364.00
694.6 352.00
694.7 339.00
694.7 328.00
694.7 317.00
694.7 305.00
694.7 294.00
694.7 284.00
694.7 276.00
694.7 266.00
694.8 257.00
694.8 249.00
694.8 241.00
694.8 234.00
694.8 226.00
694.8 220.00
694.8 212.00
694.8 207.00
694.9 201.00
694.9 194.00
694.9 190.00
694.9 185.00
694.9 179.00
694.9 174.00
694.9 170.00
694.9 165.00
695.0 161.00
695.0 157.00
695.0 153.00
695.0 149.00
695.0 145.00
695.0 141.00
695.0 138.00
695.0 135.00
695.1 132.00
695.1 129.00
695.1 126.00
695.1 124.00
695.1 121.00
695.1 118.00
695.1 116.00
695.1 114.00
695.2 111.00
695.2 109.00
695.2 107.00
695.2 105.00
695.2 102.00
695.2 100.00
695.2 99.00
695.2 97.00
695.3 95.00
695.3 93.00
695.3 92.00
695.3 90.00
695.3 88.00
695.3 87.00
695.3 85.00
695.3 83.00
695.4 82.00
695.4 81.00
695.4 80.00
695.4 78.00
695.4 77.00
695.4 75.00
695.4 74.00
695.4 73.00
695.5 72.00
695.5 71.00
695.5 70.00
695.5 69.00
695.5 68.00
695.5 67.00
695.5 66.00
695.5 65.00
695.6 64.00
695.6 64.00
695.6 63.00
695.6 62.00
695.6 61.00
695.6 60.00
695.6 60.00
695.6 59.00
695.7 58.00
695.7 57.00
695.7 56.00
695.7 56.00
695.7 55.00
695.7 54.00
695.7 54.00
695.7 53.00
695.8 53.00
695.8 52.00
695.8 52.00
695.8 51.00
695.8 50.00
695.8 50.00
695.8 50.00
695.8 49.00
695.9 48.00
695.9 48.00
695.9 47.00
695.9 47.00
695.9 46.00
695.9 46.00
695.9 45.00
695.9 45.00
696.0 44.00
696.0 44.00
696.0 43.00
696.0 43.00
696.0 43.00
696.0 42.00
696.0 42.00
696.0 42.00
696.1 41.00
696.1 41.00
696.1 41.00
696.1 40.00
696.1 40.00
696.1 39.00
696.1 39.00
696.1 39.00
696.2 39.00
696.2 38.00
696.2 38.00
696.2 37.00
696.2 37.00
696.2 37.00
696.2 37.00
696.2 36.00
696.3 36.00
696.3 36.00
696.3 36.00
696.3 35.00
696.3 35.00
696.3 35.00
696.3 35.00
696.3 34.00
696.4 34.00
696.4 34.00
696.4 34.00
696.4 34.00
696.4 33.00
696.4 33.00
696.4 33.00
696.4 32.00
696.5 32.00
696.5 32.00
696.5 32.00
696.5 32.00
696.5 32.00
696.5 31.00
696.5 31.00
696.5 31.00
696.6 31.00
696.6 30.00
696.6 30.00
696.6 30.00
696.6 29.00
696.6 29.00
696.6 29.00
696.6 29.00
696.7 28.00
696.7 29.00
696.7 28.00
696.7 29.00
696.7 28.00
696.7 28.00
696.7 28.00
696.7 28.00
696.8 28.00
696.8 27.00
696.8 27.00
696.8 27.00
696.8 27.00
696.8 27.00
696.8 27.00
696.8 26.00
696.9 27.00
696.9 26.00
696.9 26.00
696.9 26.00
696.9 26.00
696.9 26.00
696.9 26.00
696.9 25.00
697.0 25.00
697.0 25.00
697.0 25.00
697.0 25.00
697.0 25.00
697.0 25.00
697.0 25.00
697.0 25.00
697.1 24.00
697.1 25.00
697.1 24.00
697.1 24.00
697.1 24.00
697.1 24.00
697.1 24.00
697.1 24.00
697.2 24.00
697.2 23.00
697.2 23.00
697.2 23.00
697.2 23.00
697.2 23.00
697.2 23.00
697.2 23.00
697.3 23.00
697.3 23.00
697.3 22.00
697.3 23.00
697.3 23.00
697.3 22.00
697.3 22.00
697.3 22.00
697.4 22.00
697.4 22.00
697.4 22.00
697.4 22.00
697.4 22.00
697.4 21.00
697.4 22.00
697.4 22.00
697.5 21.00
697.5 21.00
697.5 21.00
697.5 21.00
697.5 21.00
697.5 21.00
697.5 21.00
697.5 21.00
697.6 21.00
697.6 21.00
697.6 21.00
697.6 21.00
697.6 21.00
697.6 21.00
697.6 21.00
697.6 21.00
697.7 21.00
697.7 21.00
697.7 20.00
697.7 21.00
697.7 21.00
697.7 20.00
697.7 20.00
697.7 20.00
697.8 20.00
697.8 20.00
697.8 20.00
697.8 20.00
697.8 20.00
697.8 20.00
697.8 20.00
697.8 20.00
697.9 20.00
697.9 20.00
697.9 20.00
697.9 19.00
697.9 20.00
697.9 20.00
697.9 19.00
697.9 19.00
698.0 19.00
698.0 19.00
698.0 19.00
698.0 19.00
698.0 19.00
698.0 19.00
698.0 19.00
698.0 19.00
698.1 19.00
698.1 19.00
698.1 19.00
698.1 19.00
698.1 19.00
698.1 19.00
698.1 18.00
698.1 19.00
698.2 18.00
698.2 18.00
698.2 18.00
698.2 18.00
698.2 18.00
698.2 18.00
698.2 18.00
698.2 18.00
698.3 18.00
698.3 18.00
698.3 18.00
698.3 18.00
698.3 18.00
698.3 18.00
698.3 18.00
698.3 18.00
698.4 18.00
698.4 17.00
698.4 18.00
698.4 17.00
698.4 18.00
698.4 18.00
698.4 17.00
698.4 18.00
698.5 18.00
698.5 17.00
698.5 18.00
698.5 18.00
698.5 17.00
698.5 17.00
698.5 17.00
698.5 18.00
698.6 17.00
698.6 17.00
698.6 17.00
698.6 17.00
698.6 17.00
698.6 17.00
698.6 17.00
698.6 17.00
698.7 17.00
698.7 17.00
698.7 17.00
698.7 17.00
698.7 17.00
698.7 17.00
698.7 17.00
698.7 17.00
698.8 17.00
698.8 17.00
698.8 17.00
698.8 17.00
698.8 17.00
698.8 17.00
698.8 17.00
698.8 17.00
698.9 17.00
698.9 16.00
698.9 16.00
698.9 17.00
698.9 17.00
698.9 16.00
698.9 16.00
698.9 16.00
699.0 17.00
699.0 16.00
699.0 16.00
699.0 16.00
699.0 16.00
699.0 16.00
699.0 16.00
699.0 16.00
699.1 16.00
699.1 16.00
699.1 16.00
699.1 16.00
699.1 16.00
699.1 16.00
699.1 16.00
699.1 16.00
699.2 16.00
699.2 16.00
699.2 16.00
699.2 16.00
699.2 16.00
699.2 16.00
699.2 16.00
699.2 16.00
699.3 16.00
699.3 16.00
699.3 16.00
699.3 16.00
699.3 16.00
699.3 16.00
699.3 16.00
699.3 16.00
699.4 16.00
699.4 16.00
699.4 16.00
699.4 16.00
699.4 16.00
699.4 16.00
699.4 16.00
699.4 16.00
699.5 16.00
699.5 15.00
699.5 16.00
699.5 16.00
699.5 16.00
699.5 16.00
699.5 16.00
699.5 16.00
699.6 16.00
699.6 16.00
699.6 16.00
699.6 16.00
699.6 16.00
699.6 16.00
699.6 16.00
699.6 16.00
699.7 16.00
699.7 16.00
699.7 16.00
699.7 16.00
699.7 16.00
699.7 16.00
699.7 16.00
699.7 16.00
699.8 16.00
699.8 15.00
699.8 16.00
699.8 16.00
699.8 16.00
699.8 16.00
699.8 15.00
699.8 15.00
699.9 15.00
699.9 16.00
699.9 15.00
699.9 16.00
699.9 16.00
699.9 15.00
699.9 15.00
699.9 15.00
700.0 15.00
700.0 0.000
700.0 0.000
700.0 0.000
700.0 0.000
700.0 0.000
700.0 0.000
700.0 0.000
700.1 0.000
700.1 0.000
700.1 0.000
700.1 0.000
700.1 0.000
700.1 0.000
700.1 0.000
700.1 0.000
700.2 0.000
700.2 0.000
700.2 0.000
700.2 0.000
700.2 0.000
700.2 0.000
700.2 0.000
700.2 0.000
700.3 0.000
700.3 0.000
700.3 0.000
700.3 0.000
700.3 0.000
700.3 0.000
700.3 0.000
700.3 0.000
700.4 0.000
700.4 0.000
700.4 0.000
700.4 0.000
700.4 0.000
700.4 0.000
700.4 0.000
700.4 0.000
700.5 0.000
700.5 0.000
700.5 0.000
700.5 0.000
700.5 0.000
700.5 0.000
700.5 0.000
700.5 0.000
700.6 0.000
700.6 0.000
700.6 0.000
